0.119 0.078 -0.142 0.305 -0.058 0.024 -0.119 -0.056 0.112 0.339 0.111 0.129 0.060 0.258 -0.002 0.257 0.054 -0.107 -0.177 -0.093 -0.149 0.248 0.107 -0.045 0.160 -0.018 0.149 0.120 -0.034 -0.088 0.121 0.009 -0.074 0.003 -0.273 0.208 0.238 0.019 0.137 0.195 -0.037 0.276 -0.142 0.063 -0.074 -0.083 0.199 0.125 -0.241 0.085 -0.128 0.146 0.165 0.111 0.047 -0.140 0.036 -0.007 -0.064 0.130 0.075 0.106 0.049 0.013 0.022 0.191 0.129 0.179 0.002 0.274 -0.192 0.123
0.200 0.142 -0.244 0.538 -0.098 0.046 -0.208 -0.087 0.195 0.595 0.181 0.215 0.100 0.437 -0.003 0.448 0.090 -0.169 -0.307 -0.160 -0.255 0.430 0.174 -0.062 0.272 -0.017 0.237 0.218 -0.058 -0.136 0.198 0.022 -0.123 0.010 -0.478 0.370 0.411 0.041 0.222 0.330 -0.062 0.466 -0.227 0.132 -0.125 -0.124 0.333 0.213 -0.422 0.159 -0.218 0.256 0.271 0.202 0.081 -0.238 0.060 0.005 -0.106 0.224 0.131 0.191 0.082 0.037 0.038 0.343 0.217 0.305 0.004 0.475 -0.325 0.221
0.277 0.187 -0.340 0.743 -0.136 0.053 -0.291 -0.130 0.272 0.821 0.247 0.281 0.138 0.591 -0.004 0.613 0.124 -0.242 -0.429 -0.239 -0.355 0.585 0.236 -0.092 0.378 -0.030 0.321 0.296 -0.081 -0.196 0.271 0.020 -0.169 0.001 -0.670 0.508 0.573 0.048 0.303 0.442 -0.085 0.630 -0.307 0.182 -0.174 -0.177 0.460 0.282 -0.592 0.214 -0.303 0.345 0.371 0.273 0.113 -0.345 0.084 0.001 -0.145 0.298 0.183 0.255 0.113 0.044 0.054 0.471 0.299 0.410 0.005 0.649 -0.450 0.299
0.348 0.214 -0.430 0.920 -0.171 0.044 -0.369 -0.185 0.344 1.018 0.308 0.329 0.173 0.722 -0.005 0.753 0.156 -0.325 -0.543 -0.327 -0.449 0.717 0.295 -0.136 0.478 -0.057 0.400 0.355 -0.102 -0.267 0.340 0.004 -0.212 -0.021 -0.852 0.623 0.726 0.039 0.378 0.533 -0.107 0.770 -0.382 0.215 -0.219 -0.241 0.578 0.331 -0.751 0.251 -0.383 0.413 0.465 0.325 0.143 -0.461 0.105 -0.017 -0.181 0.353 0.233 0.301 0.142 0.037 0.068 0.577 0.377 0.493 0.007 0.798 -0.568 0.358
0.416 0.226 -0.515 1.073 -0.205 0.021 -0.443 -0.252 0.412 1.189 0.366 0.359 0.207 0.829 -0.006 0.870 0.186 -0.418 -0.651 -0.425 -0.537 0.826 0.351 -0.191 0.571 -0.097 0.473 0.396 -0.123 -0.348 0.404 -0.027 -0.252 -0.057 -1.022 0.717 0.869 0.016 0.449 0.604 -0.128 0.887 -0.452 0.231 -0.262 -0.316 0.690 0.363 -0.901 0.271 -0.457 0.463 0.553 0.359 0.172 -0.584 0.125 -0.049 -0.216 0.390 0.279 0.330 0.169 0.015 0.082 0.661 0.450 0.557 0.008 0.923 -0.679 0.398
0.479 0.222 -0.594 1.201 -0.236 -0.015 -0.512 -0.329 0.477 1.335 0.420 0.373 0.238 0.916 -0.007 0.965 0.214 -0.520 -0.752 -0.531 -0.620 0.913 0.403 -0.258 0.659 -0.150 0.543 0.419 -0.142 -0.439 0.465 -0.070 -0.291 -0.105 -1.182 0.790 1.004 -0.020 0.516 0.655 -0.147 0.982 -0.518 0.231 -0.302 -0.402 0.795 0.378 -1.042 0.275 -0.528 0.495 0.636 0.377 0.198 -0.715 0.145 -0.094 -0.248 0.410 0.323 0.342 0.195 -0.021 0.094 0.726 0.519 0.602 0.009 1.027 -0.783 0.422
0.539 0.203 -0.669 1.307 -0.266 -0.063 -0.577 -0.416 0.537 1.458 0.471 0.371 0.267 0.983 -0.008 1.040 0.240 -0.630 -0.847 -0.646 -0.698 0.981 0.452 -0.335 0.741 -0.214 0.608 0.427 -0.160 -0.540 0.521 -0.125 -0.326 -0.165 -1.332 0.844 1.130 -0.068 0.578 0.689 -0.166 1.056 -0.580 0.216 -0.340 -0.497 0.893 0.377 -1.175 0.265 -0.594 0.511 0.714 0.378 0.223 -0.852 0.163 -0.150 -0.279 0.414 0.364 0.339 0.219 -0.068 0.106 0.773 0.584 0.629 0.010 1.109 -0.880 0.429
0.595 0.171 -0.740 1.392 -0.294 -0.124 -0.638 -0.513 0.593 1.559 0.520 0.354 0.295 1.031 -0.009 1.096 0.265 -0.749 -0.936 -0.769 -0.771 1.030 0.498 -0.422 0.819 -0.289 0.669 0.419 -0.176 -0.649 0.575 -0.192 -0.360 -0.236 -1.474 0.880 1.249 -0.129 0.637 0.706 -0.183 1.112 -0.639 0.188 -0.376 -0.601 0.986 0.362 -1.299 0.240 -0.656 0.511 0.788 0.365 0.247 -0.996 0.179 -0.218 -0.307 0.403 0.403 0.321 0.242 -0.128 0.118 0.802 0.644 0.641 0.011 1.172 -0.972 0.421
0.647 0.126 -0.806 1.458 -0.320 -0.195 -0.695 -0.619 0.647 1.638 0.565 0.324 0.321 1.061 -0.009 1.133 0.288 -0.875 -1.020 -0.899 -0.840 1.061 0.541 -0.519 0.892 -0.374 0.727 0.397 -0.192 -0.766 0.625 -0.269 -0.392 -0.318 -1.606 0.900 1.361 -0.200 0.693 0.707 -0.199 1.149 -0.694 0.147 -0.409 -0.713 1.073 0.333 -1.416 0.202 -0.715 0.496 0.857 0.338 0.269 -1.146 0.195 -0.297 -0.334 0.378 0.439 0.290 0.263 -0.199 0.128 0.814 0.701 0.637 0.012 1.216 -1.059 0.399
0.697 0.069 -0.868 1.504 -0.345 -0.277 -0.749 -0.733 0.697 1.699 0.607 0.281 0.345 1.075 -0.010 1.154 0.310 -1.008 -1.099 -1.036 -0.904 1.076 0.582 -0.625 0.960 -0.468 0.781 0.361 -0.207 -0.891 0.672 -0.357 -0.422 -0.409 -1.731 0.903 1.466 -0.282 0.745 0.694 -0.214 1.170 -0.745 0.093 -0.440 -0.834 1.155 0.291 -1.526 0.152 -0.770 0.467 0.921 0.298 0.290 -1.302 0.210 -0.385 -0.359 0.340 0.473 0.246 0.283 -0.280 0.138 0.811 0.755 0.618 0.013 1.243 -1.140 0.363
0.743 0.001 -0.926 1.533 -0.368 -0.369 -0.800 -0.854 0.744 1.741 0.647 0.226 0.368 1.074 -0.011 1.159 0.330 -1.148 -1.174 -1.179 -0.965 1.075 0.620 -0.739 1.025 -0.572 0.832 0.313 -0.221 -1.024 0.717 -0.453 -0.450 -0.510 -1.849 0.892 1.565 -0.374 0.794 0.667 -0.228 1.174 -0.794 0.028 -0.470 -0.962 1.232 0.237 -1.630 0.090 -0.822 0.426 0.982 0.246 0.309 -1.463 0.224 -0.483 -0.383 0.290 0.505 0.189 0.302 -0.371 0.148 0.793 0.805 0.586 0.014 1.254 -1.216 0.315
0.787 -0.078 -0.981 1.546 -0.389 -0.469 -0.847 -0.984 0.788 1.766 0.685 0.160 0.390 1.057 -0.011 1.149 0.350 -1.295 -1.243 -1.328 -1.022 1.060 0.656 -0.861 1.085 -0.684 0.880 0.254 -0.234 -1.162 0.759 -0.559 -0.476 -0.619 -1.959 0.866 1.658 -0.475 0.840 0.626 -0.242 1.164 -0.840 -0.047 -0.498 -1.096 1.305 0.172 -1.727 0.017 -0.870 0.372 1.040 0.182 0.327 -1.629 0.237 -0.590 -0.405 0.227 0.535 0.122 0.319 -0.472 0.157 0.762 0.853 0.542 0.015 1.249 -1.288 0.255
0.828 -0.166 -1.033 1.543 -0.410 -0.579 -0.892 -1.120 0.830 1.774 0.720 0.082 0.410 1.027 -0.012 1.124 0.368 -1.447 -1.309 -1.484 -1.076 1.031 0.690 -0.990 1.142 -0.804 0.925 0.183 -0.246 -1.308 0.798 -0.673 -0.501 -0.736 -2.063 0.828 1.746 -0.584 0.883 0.574 -0.254 1.139 -0.883 -0.133 -0.524 -1.238 1.373 0.096 -1.818 -0.067 -0.916 0.307 1.093 0.107 0.345 -1.799 0.250 -0.705 -0.426 0.154 0.563 0.044 0.336 -0.580 0.165 0.718 0.897 0.485 0.016 1.230 -1.355 0.185
0.867 -0.264 -1.082 1.526 -0.429 -0.696 -0.934 -1.263 0.869 1.768 0.753 -0.005 0.429 0.985 -0.012 1.087 0.385 -1.605 -1.371 -1.644 -1.127 0.989 0.722 -1.127 1.196 -0.932 0.967 0.101 -0.258 -1.459 0.835 -0.795 -0.524 -0.861 -2.160 0.777 1.828 -0.702 0.923 0.510 -0.266 1.102 -0.923 -0.229 -0.548 -1.386 1.437 0.009 -1.904 -0.160 -0.959 0.231 1.144 0.022 0.361 -1.975 0.261 -0.828 -0.446 0.071 0.590 -0.045 0.352 -0.698 0.173 0.662 0.939 0.417 0.016 1.197 -1.419 0.103
0.903 -0.371 -1.127 1.495 -0.447 -0.822 -0.974 -1.411 0.905 1.747 0.784 -0.101 0.447 0.930 -0.013 1.037 0.401 -1.768 -1.429 -1.810 -1.174 0.934 0.752 -1.269 1.246 -1.066 1.007 0.010 -0.269 -1.616 0.869 -0.924 -0.546 -0.993 -2.252 0.714 1.905 -0.827 0.962 0.435 -0.277 1.052 -0.961 -0.333 -0.571 -1.539 1.497 -0.086 -1.985 -0.262 -0.999 0.145 1.192 -0.073 0.376 -2.154 0.272 -0.958 -0.465 -0.022 0.615 -0.142 0.366 -0.822 0.180 0.595 0.979 0.338 0.017 1.152 -1.478 0.012
0.937 -0.486 -1.170 1.452 -0.464 -0.954 -1.011 -1.566 0.940 1.713 0.814 -0.207 0.464 0.863 -0.013 0.975 0.416 -1.936 -1.483 -1.980 -1.219 0.869 0.780 -1.418 1.294 -1.208 1.044 -0.090 -0.279 -1.778 0.902 -1.061 -0.567 -1.132 -2.338 0.641 1.978 -0.959 0.998 0.350 -0.288 0.990 -0.996 -0.446 -0.593 -1.698 1.553 -0.191 -2.061 -0.372 -1.037 0.049 1.236 -0.176 0.390 -2.337 0.283 -1.095 -0.482 -0.124 0.638 -0.248 0.380 -0.954 0.187 0.517 1.016 0.249 0.018 1.094 -1.534 -0.088