size: 64 64
0.499 0.510 0.431 0.522 0.476 0.403 0.497 0.453 0.498 0.516 0.436 0.473 0.377 0.440 0.488 0.429 0.535 0.560 0.518 0.523 0.535 0.480 0.526 0.503 0.526 0.484 0.483 0.511 0.469 0.506 0.510 0.554 0.551 0.504 0.459 0.354 0.418 0.485 0.467 0.446 0.461 0.510 0.538 0.388 0.405 0.459 0.528 0.509 0.545 0.596 0.581 0.584 0.602 0.558 0.593 0.568 0.484 0.476 0.475 0.520 0.613 0.547 0.559 0.529
0.519 0.476 0.443 0.490 0.406 0.399 0.402 0.381 0.460 0.419 0.451 0.382 0.377 0.430 0.351 0.502 0.585 0.532 0.528 0.563 0.599 0.536 0.556 0.603 0.630 0.575 0.590 0.536 0.493 0.511 0.583 0.563 0.549 0.628 0.543 0.475 0.428 0.401 0.508 0.504 0.462 0.486 0.530 0.415 0.413 0.540 0.520 0.548 0.587 0.604 0.668 0.559 0.599 0.656 0.631 0.628 0.586 0.551 0.480 0.582 0.605 0.631 0.576 0.510
0.546 0.516 0.519 0.477 0.499 0.443 0.419 0.399 0.421 0.387 0.360 0.283 0.337 0.389 0.462 0.544 0.557 0.523 0.556 0.602 0.573 0.468 0.497 0.562 0.494 0.518 0.576 0.575 0.508 0.487 0.502 0.523 0.544 0.560 0.448 0.508 0.503 0.400 0.502 0.517 0.445 0.495 0.535 0.527 0.455 0.455 0.468 0.468 0.556 0.695 0.578 0.644 0.691 0.559 0.628 0.524 0.485 0.549 0.545 0.558 0.607 0.687 0.593 0.521
0.585 0.673 0.661 0.556 0.581 0.503 0.436 0.449 0.374 0.353 0.276 0.214 0.300 0.337 0.455 0.566 0.613 0.482 0.461 0.532 0.576 0.497 0.462 0.506 0.530 0.486 0.570 0.512 0.515 0.493 0.550 0.541 0.511 0.477 0.432 0.435 0.528 0.484 0.424 0.480 0.449 0.510 0.528 0.455 0.472 0.422 0.491 0.491 0.622 0.644 0.687 0.586 0.552 0.640 0.620 0.596 0.490 0.550 0.544 0.565 0.566 0.626 0.511 0.636
0.713 0.667 0.656 0.647 0.609 0.504 0.428 0.419 0.325 0.339 0.237 0.207 0.312 0.344 0.387 0.471 0.597 0.518 0.510 0.481 0.510 0.508 0.505 0.393 0.407 0.458 0.580 0.493 0.452 0.471 0.564 0.520 0.500 0.511 0.535 0.494 0.472 0.505 0.514 0.506 0.441 0.433 0.455 0.499 0.453 0.410 0.420 0.540 0.607 0.622 0.646 0.583 0.624 0.582 0.629 0.485 0.588 0.561 0.600 0.615 0.529 0.575 0.604 0.653
0.601 0.559 0.674 0.573 0.494 0.475 0.459 0.387 0.361 0.422 0.324 0.354 0.365 0.399 0.450 0.472 0.621 0.515 0.439 0.511 0.507 0.537 0.488 0.536 0.474 0.461 0.534 0.544 0.571 0.497 0.554 0.498 0.514 0.535 0.459 0.468 0.538 0.505 0.461 0.503 0.566 0.453 0.424 0.532 0.436 0.529 0.536 0.529 0.651 0.638 0.621 0.491 0.479 0.575 0.481 0.553 0.543 0.592 0.508 0.570 0.482 0.620 0.692 0.632
0.631 0.567 0.571 0.500 0.459 0.557 0.560 0.512 0.462 0.432 0.386 0.433 0.477 0.470 0.509 0.566 0.498 0.490 0.474 0.504 0.550 0.607 0.577 0.526 0.441 0.470 0.465 0.519 0.500 0.607 0.467 0.508 0.541 0.596 0.493 0.449 0.577 0.538 0.629 0.555 0.500 0.433 0.396 0.398 0.419 0.486 0.563 0.594 0.646 0.597 0.519 0.467 0.433 0.415 0.518 0.388 0.445 0.410 0.451 0.558 0.582 0.644 0.645 0.637
0.532 0.597 0.575 0.571 0.580 0.493 0.550 0.490 0.398 0.422 0.406 0.435 0.444 0.438 0.459 0.456 0.444 0.533 0.501 0.522 0.469 0.562 0.539 0.493 0.423 0.486 0.538 0.501 0.550 0.509 0.508 0.485 0.511 0.558 0.483 0.498 0.494 0.550 0.606 0.621 0.521 0.484 0.459 0.454 0.491 0.402 0.467 0.513 0.632 0.563 0.502 0.475 0.423 0.481 0.462 0.505 0.413 0.471 0.414 0.502 0.583 0.588 0.544 0.550
0.454 0.483 0.537 0.572 0.593 0.517 0.523 0.531 0.510 0.459 0.504 0.461 0.492 0.425 0.500 0.487 0.412 0.526 0.490 0.477 0.472 0.585 0.589 0.501 0.445 0.524 0.517 0.602 0.516 0.479 0.504 0.462 0.576 0.528 0.494 0.547 0.479 0.646 0.634 0.490 0.460 0.420 0.473 0.463 0.512 0.398 0.458 0.429 0.522 0.580 0.487 0.503 0.526 0.558 0.505 0.486 0.516 0.439 0.491 0.463 0.539 0.484 0.409 0.463
0.446 0.513 0.585 0.598 0.572 0.559 0.572 0.613 0.620 0.548 0.488 0.532 0.424 0.452 0.446 0.392 0.486 0.535 0.479 0.521 0.557 0.527 0.534 0.581 0.435 0.544 0.640 0.613 0.537 0.552 0.490 0.471 0.402 0.503 0.471 0.500 0.516 0.523 0.560 0.509 0.447 0.532 0.495 0.448 0.495 0.477 0.467 0.384 0.463 0.490 0.506 0.514 0.566 0.536 0.594 0.541 0.540 0.516 0.466 0.554 0.510 0.388 0.473 0.475
0.514 0.491 0.591 0.650 0.526 0.517 0.568 0.612 0.632 0.586 0.526 0.458 0.482 0.415 0.422 0.415 0.480 0.463 0.473 0.510 0.532 0.618 0.611 0.555 0.527 0.561 0.532 0.582 0.496 0.621 0.596 0.405 0.337 0.473 0.472 0.614 0.477 0.531 0.438 0.435 0.423 0.519 0.486 0.401 0.365 0.415 0.424 0.398 0.394 0.431 0.533 0.430 0.501 0.523 0.530 0.484 0.536 0.544 0.514 0.476 0.514 0.459 0.443 0.446
0.488 0.492 0.498 0.583 0.585 0.494 0.619 0.596 0.638 0.510 0.520 0.473 0.421 0.420 0.467 0.399 0.437 0.519 0.435 0.522 0.502 0.546 0.569 0.546 0.517 0.610 0.598 0.543 0.465 0.444 0.473 0.424 0.365 0.380 0.412 0.535 0.447 0.509 0.411 0.522 0.479 0.454 0.335 0.439 0.413 0.425 0.448 0.386 0.426 0.441 0.477 0.433 0.454 0.585 0.659 0.547 0.602 0.544 0.504 0.469 0.514 0.379 0.410 0.391
0.404 0.459 0.569 0.550 0.483 0.505 0.630 0.614 0.635 0.606 0.542 0.389 0.368 0.414 0.431 0.393 0.384 0.444 0.532 0.581 0.629 0.647 0.599 0.629 0.661 0.572 0.596 0.587 0.489 0.368 0.350 0.406 0.287 0.369 0.340 0.468 0.403 0.423 0.402 0.423 0.422 0.395 0.395 0.372 0.397 0.348 0.402 0.410 0.319 0.366 0.374 0.442 0.509 0.536 0.696 0.660 0.588 0.547 0.442 0.459 0.494 0.394 0.417 0.510
0.461 0.506 0.574 0.472 0.530 0.522 0.531 0.595 0.549 0.523 0.571 0.413 0.443 0.498 0.430 0.348 0.472 0.413 0.460 0.586 0.597 0.641 0.580 0.702 0.651 0.562 0.554 0.568 0.505 0.428 0.315 0.439 0.407 0.485 0.413 0.498 0.476 0.546 0.486 0.417 0.412 0.426 0.409 0.473 0.506 0.433 0.344 0.424 0.440 0.340 0.451 0.506 0.501 0.587 0.634 0.577 0.489 0.401 0.400 0.429 0.431 0.472 0.460 0.512
0.483 0.435 0.472 0.554 0.579 0.512 0.505 0.548 0.481 0.470 0.450 0.367 0.387 0.381 0.385 0.436 0.451 0.471 0.493 0.535 0.655 0.633 0.615 0.626 0.690 0.580 0.567 0.488 0.477 0.326 0.392 0.441 0.533 0.489 0.480 0.489 0.572 0.533 0.573 0.457 0.510 0.551 0.593 0.565 0.628 0.525 0.432 0.369 0.367 0.368 0.422 0.445 0.494 0.451 0.554 0.558 0.552 0.426 0.453 0.395 0.454 0.499 0.464 0.526
0.505 0.562 0.528 0.456 0.541 0.451 0.479 0.492 0.535 0.491 0.477 0.369 0.449 0.420 0.449 0.478 0.451 0.536 0.611 0.624 0.626 0.588 0.660 0.561 0.590 0.590 0.511 0.412 0.364 0.366 0.393 0.509 0.473 0.440 0.477 0.555 0.577 0.611 0.599 0.572 0.478 0.508 0.538 0.692 0.632 0.541 0.508 0.421 0.433 0.423 0.465 0.528 0.522 0.491 0.534 0.616 0.450 0.371 0.400 0.377 0.484 0.456 0.500 0.491
0.466 0.524 0.511 0.530 0.537 0.471 0.522 0.513 0.515 0.540 0.505 0.430 0.500 0.400 0.419 0.556 0.547 0.546 0.556 0.571 0.567 0.667 0.649 0.523 0.416 0.479 0.368 0.387 0.351 0.396 0.378 0.457 0.492 0.495 0.532 0.540 0.533 0.598 0.507 0.455 0.475 0.444 0.581 0.639 0.654 0.532 0.469 0.537 0.554 0.498 0.490 0.502 0.583 0.550 0.477 0.555 0.416 0.440 0.425 0.398 0.400 0.438 0.505 0.467
0.486 0.461 0.535 0.552 0.535 0.533 0.580 0.584 0.592 0.504 0.509 0.499 0.572 0.538 0.481 0.491 0.515 0.544 0.556 0.589 0.492 0.613 0.590 0.427 0.359 0.414 0.314 0.282 0.482 0.488 0.465 0.503 0.601 0.583 0.619 0.539 0.596 0.542 0.579 0.493 0.472 0.450 0.455 0.630 0.712 0.628 0.629 0.558 0.545 0.434 0.447 0.480 0.535 0.482 0.552 0.494 0.360 0.404 0.469 0.325 0.385 0.410 0.494 0.459
0.496 0.473 0.581 0.568 0.521 0.502 0.560 0.616 0.563 0.550 0.516 0.498 0.584 0.626 0.583 0.461 0.523 0.462 0.549 0.503 0.492 0.482 0.514 0.374 0.422 0.391 0.356 0.350 0.431 0.473 0.508 0.507 0.542 0.527 0.561 0.624 0.621 0.548 0.543 0.514 0.493 0.512 0.583 0.618 0.613 0.615 0.684 0.621 0.562 0.456 0.539 0.503 0.467 0.475 0.497 0.418 0.372 0.434 0.332 0.265 0.352 0.373 0.513 0.459
0.457 0.493 0.573 0.521 0.526 0.456 0.439 0.551 0.536 0.520 0.478 0.484 0.550 0.663 0.592 0.498 0.526 0.494 0.490 0.511 0.485 0.513 0.376 0.353 0.344 0.421 0.351 0.408 0.465 0.547 0.570 0.641 0.642 0.540 0.650 0.635 0.621 0.678 0.641 0.538 0.571 0.500 0.557 0.626 0.575 0.584 0.639 0.578 0.523 0.565 0.532 0.543 0.448 0.466 0.490 0.498 0.428 0.408 0.431 0.316 0.359 0.399 0.535 0.464
0.490 0.456 0.537 0.573 0.448 0.465 0.422 0.481 0.510 0.458 0.485 0.519 0.494 0.643 0.668 0.580 0.500 0.563 0.427 0.435 0.457 0.410 0.432 0.395 0.379 0.418 0.416 0.530 0.575 0.648 0.708 0.654 0.595 0.629 0.653 0.689 0.653 0.737 0.682 0.538 0.580 0.586 0.640 0.558 0.487 0.601 0.569 0.603 0.534 0.568 0.562 0.636 0.517 0.495 0.423 0.427 0.421 0.395 0.379 0.347 0.341 0.410 0.454 0.450
0.542 0.472 0.461 0.555 0.479 0.458 0.437 0.507 0.492 0.522 0.582 0.558 0.567 0.518 0.581 0.487 0.573 0.504 0.445 0.368 0.442 0.358 0.411 0.362 0.426 0.457 0.522 0.575 0.513 0.595 0.540 0.551 0.654 0.630 0.667 0.698 0.626 0.572 0.610 0.568 0.474 0.533 0.544 0.618 0.615 0.500 0.540 0.596 0.597 0.553 0.580 0.547 0.457 0.498 0.487 0.443 0.333 0.392 0.406 0.427 0.362 0.495 0.518 0.600
0.606 0.496 0.523 0.546 0.499 0.464 0.570 0.621 0.584 0.511 0.634 0.616 0.547 0.593 0.455 0.538 0.494 0.432 0.442 0.362 0.400 0.366 0.403 0.341 0.365 0.425 0.418 0.456 0.460 0.581 0.567 0.547 0.471 0.527 0.526 0.497 0.518 0.560 0.496 0.568 0.530 0.527 0.516 0.575 0.580 0.546 0.555 0.524 0.593 0.580 0.442 0.437 0.476 0.432 0.545 0.525 0.406 0.356 0.366 0.298 0.423 0.437 0.512 0.605
0.635 0.518 0.518 0.534 0.533 0.547 0.517 0.484 0.489 0.615 0.629 0.564 0.639 0.555 0.470 0.514 0.415 0.457 0.376 0.393 0.380 0.389 0.398 0.407 0.490 0.450 0.493 0.523 0.456 0.596 0.581 0.549 0.422 0.403 0.470 0.463 0.490 0.437 0.440 0.545 0.445 0.423 0.562 0.570 0.591 0.622 0.555 0.575 0.493 0.468 0.469 0.488 0.511 0.514 0.566 0.576 0.504 0.426 0.420 0.326 0.384 0.448 0.545 0.642
0.558 0.477 0.470 0.454 0.509 0.547 0.424 0.441 0.523 0.471 0.577 0.623 0.597 0.592 0.486 0.546 0.536 0.466 0.473 0.381 0.418 0.436 0.407 0.525 0.498 0.530 0.586 0.484 0.563 0.555 0.625 0.484 0.486 0.478 0.515 0.543 0.515 0.457 0.508 0.446 0.517 0.442 0.497 0.444 0.475 0.487 0.502 0.580 0.459 0.513 0.500 0.560 0.578 0.576 0.605 0.531 0.478 0.383 0.379 0.390 0.338 0.378 0.548 0.528
0.481 0.427 0.399 0.458 0.501 0.537 0.480 0.422 0.398 0.444 0.472 0.524 0.526 0.596 0.560 0.581 0.513 0.526 0.494 0.468 0.567 0.503 0.553 0.613 0.595 0.592 0.583 0.625 0.648 0.605 0.516 0.460 0.456 0.461 0.575 0.569 0.491 0.541 0.440 0.485 0.407 0.475 0.390 0.432 0.439 0.490 0.532 0.556 0.417 0.489 0.564 0.540 0.544 0.529 0.555 0.458 0.362 0.456 0.457 0.348 0.349 0.450 0.532 0.509
0.506 0.398 0.381 0.521 0.505 0.443 0.387 0.399 0.345 0.388 0.514 0.528 0.542 0.534 0.572 0.523 0.552 0.542 0.586 0.529 0.570 0.577 0.633 0.551 0.582 0.623 0.624 0.609 0.632 0.539 0.481 0.472 0.422 0.446 0.524 0.542 0.505 0.411 0.472 0.374 0.394 0.467 0.439 0.388 0.494 0.424 0.591 0.523 0.510 0.467 0.514 0.551 0.535 0.456 0.521 0.445 0.479 0.405 0.366 0.317 0.376 0.511 0.431 0.416
0.388 0.348 0.353 0.375 0.334 0.396 0.400 0.401 0.344 0.384 0.415 0.440 0.486 0.490 0.472 0.492 0.514 0.560 0.583 0.514 0.503 0.677 0.611 0.608 0.586 0.706 0.618 0.646 0.595 0.461 0.452 0.465 0.510 0.544 0.577 0.503 0.479 0.514 0.480 0.360 0.338 0.349 0.359 0.432 0.510 0.465 0.537 0.496 0.482 0.494 0.489 0.563 0.514 0.533 0.544 0.532 0.434 0.508 0.393 0.430 0.369 0.420 0.453 0.371
0.412 0.345 0.418 0.358 0.277 0.319 0.412 0.406 0.376 0.416 0.372 0.388 0.365 0.487 0.474 0.505 0.492 0.505 0.492 0.536 0.558 0.624 0.717 0.675 0.618 0.759 0.653 0.574 0.565 0.538 0.457 0.505 0.570 0.559 0.493 0.571 0.577 0.551 0.424 0.431 0.437 0.366 0.328 0.318 0.418 0.517 0.505 0.542 0.526 0.533 0.620 0.559 0.498 0.570 0.517 0.590 0.570 0.525 0.521 0.439 0.414 0.336 0.394 0.402
0.432 0.387 0.448 0.413 0.377 0.362 0.456 0.393 0.440 0.389 0.408 0.407 0.420 0.406 0.458 0.515 0.536 0.551 0.498 0.521 0.523 0.643 0.646 0.636 0.639 0.602 0.563 0.549 0.522 0.569 0.604 0.484 0.537 0.539 0.602 0.499 0.484 0.457 0.389 0.424 0.405 0.420 0.363 0.301 0.424 0.477 0.492 0.572 0.605 0.578 0.526 0.527 0.555 0.503 0.439 0.461 0.481 0.451 0.512 0.499 0.461 0.416 0.407 0.463
0.438 0.414 0.488 0.488 0.488 0.423 0.411 0.474 0.387 0.365 0.380 0.356 0.370 0.380 0.489 0.376 0.464 0.525 0.592 0.556 0.609 0.670 0.668 0.530 0.535 0.496 0.436 0.400 0.458 0.523 0.589 0.587 0.501 0.484 0.544 0.527 0.520 0.450 0.467 0.459 0.446 0.561 0.491 0.380 0.452 0.485 0.526 0.521 0.568 0.585 0.532 0.474 0.528 0.459 0.353 0.450 0.505 0.494 0.552 0.506 0.443 0.415 0.416 0.386
0.426 0.514 0.438 0.511 0.592 0.488 0.528 0.430 0.378 0.465 0.484 0.417 0.427 0.459 0.364 0.484 0.536 0.604 0.602 0.628 0.596 0.577 0.554 0.532 0.565 0.498 0.472 0.418 0.342 0.406 0.517 0.607 0.549 0.542 0.537 0.605 0.490 0.438 0.485 0.435 0.549 0.552 0.492 0.485 0.464 0.465 0.512 0.587 0.586 0.589 0.570 0.453 0.450 0.436 0.431 0.410 0.478 0.551 0.612 0.604 0.596 0.507 0.504 0.479
0.445 0.489 0.528 0.488 0.570 0.631 0.613 0.437 0.491 0.499 0.412 0.443 0.454 0.454 0.424 0.517 0.571 0.633 0.573 0.606 0.537 0.504 0.452 0.471 0.514 0.465 0.462 0.340 0.339 0.401 0.449 0.481 0.396 0.497 0.563 0.625 0.562 0.537 0.483 0.508 0.429 0.474 0.535 0.553 0.552 0.426 0.357 0.407 0.581 0.528 0.563 0.473 0.545 0.520 0.388 0.525 0.500 0.602 0.581 0.593 0.566 0.503 0.543 0.550
0.582 0.544 0.504 0.543 0.553 0.605 0.500 0.497 0.508 0.519 0.526 0.412 0.444 0.498 0.470 0.499 0.601 0.528 0.567 0.646 0.607 0.491 0.476 0.524 0.496 0.438 0.369 0.398 0.458 0.495 0.423 0.400 0.442 0.541 0.548 0.648 0.541 0.594 0.597 0.587 0.551 0.401 0.533 0.545 0.421 0.479 0.324 0.383 0.527 0.548 0.497 0.538 0.568 0.557 0.505 0.576 0.649 0.623 0.524 0.566 0.528 0.526 0.563 0.597
0.653 0.674 0.630 0.645 0.626 0.631 0.523 0.459 0.560 0.516 0.432 0.374 0.421 0.422 0.449 0.583 0.553 0.497 0.559 0.614 0.599 0.467 0.512 0.604 0.552 0.415 0.429 0.396 0.397 0.449 0.413 0.415 0.496 0.482 0.577 0.642 0.600 0.631 0.573 0.636 0.513 0.509 0.483 0.492 0.363 0.455 0.369 0.431 0.446 0.564 0.516 0.510 0.533 0.576 0.517 0.553 0.585 0.658 0.562 0.630 0.564 0.602 0.550 0.648
0.582 0.638 0.562 0.621 0.592 0.536 0.530 0.535 0.541 0.456 0.463 0.516 0.459 0.482 0.530 0.613 0.670 0.626 0.639 0.625 0.654 0.487 0.473 0.524 0.474 0.400 0.531 0.532 0.386 0.457 0.504 0.555 0.569 0.511 0.636 0.598 0.664 0.621 0.553 0.576 0.576 0.527 0.501 0.444 0.346 0.368 0.372 0.466 0.467 0.526 0.473 0.579 0.516 0.557 0.564 0.508 0.623 0.570 0.577 0.605 0.556 0.614 0.556 0.642
0.608 0.595 0.635 0.572 0.562 0.547 0.547 0.490 0.472 0.491 0.509 0.584 0.553 0.565 0.538 0.590 0.625 0.693 0.674 0.622 0.599 0.484 0.480 0.450 0.547 0.562 0.556 0.548 0.455 0.537 0.411 0.426 0.515 0.567 0.679 0.644 0.612 0.583 0.595 0.576 0.579 0.441 0.436 0.432 0.352 0.411 0.440 0.411 0.397 0.486 0.512 0.534 0.493 0.620 0.599 0.479 0.556 0.468 0.436 0.536 0.568 0.563 0.528 0.565
0.630 0.596 0.587 0.600 0.627 0.470 0.451 0.458 0.552 0.482 0.497 0.518 0.564 0.488 0.564 0.557 0.577 0.644 0.652 0.642 0.661 0.574 0.415 0.479 0.484 0.607 0.556 0.592 0.504 0.457 0.494 0.501 0.564 0.665 0.690 0.653 0.537 0.618 0.545 0.592 0.560 0.494 0.492 0.361 0.306 0.438 0.431 0.425 0.415 0.482 0.490 0.467 0.494 0.599 0.590 0.536 0.447 0.372 0.432 0.543 0.524 0.451 0.474 0.624
0.521 0.576 0.509 0.542 0.502 0.425 0.448 0.459 0.535 0.463 0.446 0.470 0.429 0.471 0.539 0.506 0.502 0.629 0.643 0.585 0.567 0.605 0.604 0.522 0.538 0.523 0.495 0.506 0.534 0.467 0.465 0.555 0.556 0.608 0.562 0.547 0.583 0.577 0.540 0.565 0.430 0.412 0.351 0.365 0.360 0.379 0.406 0.525 0.513 0.602 0.670 0.663 0.648 0.550 0.537 0.501 0.489 0.372 0.371 0.422 0.511 0.434 0.479 0.473
0.423 0.505 0.574 0.489 0.428 0.467 0.397 0.501 0.485 0.500 0.406 0.385 0.476 0.409 0.460 0.441 0.478 0.594 0.594 0.685 0.700 0.626 0.590 0.572 0.587 0.513 0.533 0.513 0.471 0.536 0.572 0.604 0.587 0.503 0.581 0.531 0.603 0.549 0.619 0.519 0.433 0.417 0.354 0.454 0.395 0.501 0.486 0.504 0.553 0.635 0.703 0.664 0.678 0.616 0.641 0.566 0.547 0.409 0.377 0.357 0.441 0.408 0.387 0.522
0.508 0.571 0.619 0.524 0.527 0.415 0.413 0.564 0.495 0.501 0.497 0.522 0.403 0.454 0.444 0.425 0.399 0.569 0.568 0.600 0.589 0.535 0.629 0.530 0.403 0.450 0.514 0.439 0.519 0.561 0.547 0.488 0.433 0.559 0.459 0.544 0.543 0.629 0.578 0.519 0.414 0.417 0.452 0.508 0.397 0.441 0.464 0.521 0.557 0.495 0.616 0.605 0.680 0.679 0.581 0.560 0.517 0.444 0.401 0.308 0.310 0.376 0.469 0.432
0.441 0.486 0.564 0.648 0.588 0.529 0.556 0.644 0.619 0.655 0.598 0.552 0.503 0.386 0.457 0.498 0.395 0.529 0.615 0.616 0.527 0.525 0.527 0.421 0.414 0.435 0.505 0.415 0.454 0.446 0.508 0.502 0.487 0.504 0.546 0.499 0.499 0.615 0.624 0.467 0.431 0.385 0.416 0.448 0.390 0.324 0.376 0.492 0.531 0.511 0.657 0.637 0.668 0.562 0.568 0.438 0.483 0.462 0.431 0.330 0.355 0.419 0.458 0.463
0.408 0.486 0.497 0.631 0.583 0.585 0.651 0.635 0.741 0.662 0.642 0.482 0.460 0.549 0.458 0.409 0.413 0.444 0.594 0.526 0.388 0.425 0.409 0.433 0.361 0.457 0.383 0.382 0.370 0.502 0.527 0.512 0.463 0.477 0.542 0.584 0.612 0.602 0.584 0.477 0.449 0.389 0.440 0.355 0.368 0.307 0.449 0.493 0.624 0.542 0.656 0.609 0.575 0.612 0.531 0.524 0.476 0.433 0.383 0.347 0.441 0.486 0.427 0.478
0.557 0.520 0.526 0.588 0.559 0.566 0.628 0.532 0.593 0.599 0.474 0.424 0.506 0.511 0.540 0.415 0.367 0.470 0.603 0.558 0.486 0.478 0.521 0.427 0.414 0.461 0.380 0.366 0.456 0.435 0.466 0.495 0.460 0.556 0.506 0.520 0.535 0.472 0.500 0.455 0.495 0.440 0.369 0.371 0.442 0.471 0.460 0.478 0.580 0.557 0.614 0.636 0.647 0.555 0.562 0.504 0.503 0.530 0.415 0.536 0.480 0.531 0.510 0.579
0.634 0.657 0.708 0.673 0.632 0.671 0.622 0.551 0.610 0.545 0.508 0.457 0.499 0.516 0.424 0.359 0.332 0.501 0.496 0.606 0.611 0.596 0.513 0.540 0.516 0.451 0.411 0.424 0.474 0.517 0.462 0.458 0.491 0.505 0.521 0.511 0.439 0.449 0.381 0.383 0.402 0.457 0.401 0.469 0.416 0.461 0.421 0.479 0.553 0.507 0.509 0.579 0.584 0.472 0.548 0.565 0.593 0.635 0.531 0.602 0.499 0.517 0.467 0.608
0.568 0.595 0.626 0.685 0.697 0.616 0.653 0.594 0.603 0.465 0.433 0.467 0.484 0.464 0.486 0.412 0.445 0.474 0.466 0.554 0.555 0.595 0.526 0.498 0.490 0.490 0.453 0.410 0.464 0.494 0.474 0.482 0.487 0.579 0.512 0.427 0.476 0.390 0.437 0.362 0.376 0.475 0.432 0.476 0.422 0.496 0.485 0.520 0.442 0.464 0.518 0.534 0.539 0.438 0.581 0.577 0.627 0.703 0.657 0.510 0.489 0.459 0.593 0.662
0.502 0.566 0.539 0.571 0.584 0.659 0.609 0.574 0.555 0.458 0.464 0.509 0.480 0.459 0.493 0.473 0.487 0.534 0.492 0.561 0.548 0.571 0.489 0.470 0.503 0.522 0.414 0.469 0.464 0.558 0.514 0.486 0.552 0.536 0.561 0.461 0.498 0.423 0.507 0.463 0.518 0.511 0.432 0.419 0.452 0.524 0.597 0.572 0.463 0.394 0.536 0.495 0.478 0.517 0.552 0.590 0.496 0.604 0.555 0.522 0.500 0.465 0.507 0.576
0.468 0.463 0.457 0.549 0.635 0.557 0.589 0.465 0.424 0.433 0.398 0.403 0.428 0.341 0.412 0.546 0.497 0.591 0.583 0.572 0.534 0.617 0.488 0.429 0.364 0.448 0.390 0.433 0.406 0.497 0.505 0.457 0.565 0.556 0.594 0.520 0.602 0.602 0.544 0.533 0.457 0.514 0.402 0.433 0.497 0.466 0.590 0.564 0.436 0.396 0.465 0.470 0.511 0.543 0.471 0.454 0.489 0.471 0.464 0.479 0.489 0.501 0.534 0.447
0.382 0.402 0.433 0.587 0.549 0.659 0.603 0.425 0.391 0.467 0.490 0.443 0.375 0.304 0.415 0.560 0.535 0.503 0.629 0.552 0.632 0.609 0.531 0.463 0.443 0.425 0.501 0.405 0.407 0.452 0.431 0.409 0.498 0.570 0.555 0.494 0.575 0.615 0.532 0.451 0.541 0.446 0.468 0.480 0.547 0.491 0.451 0.502 0.450 0.451 0.442 0.382 0.452 0.497 0.525 0.460 0.433 0.454 0.512 0.468 0.520 0.459 0.430 0.460
0.397 0.434 0.446 0.499 0.597 0.609 0.547 0.444 0.499 0.469 0.481 0.499 0.377 0.336 0.405 0.470 0.449 0.450 0.579 0.546 0.457 0.563 0.536 0.494 0.485 0.439 0.450 0.540 0.483 0.380 0.464 0.494 0.443 0.479 0.458 0.454 0.492 0.495 0.496 0.597 0.582 0.534 0.560 0.595 0.502 0.503 0.469 0.434 0.430 0.397 0.390 0.322 0.400 0.382 0.499 0.504 0.467 0.419 0.407 0.445 0.466 0.373 0.373 0.473
0.481 0.464 0.483 0.544 0.532 0.618 0.469 0.450 0.504 0.503 0.576 0.519 0.432 0.328 0.342 0.426 0.449 0.395 0.415 0.462 0.400 0.485 0.576 0.656 0.571 0.575 0.590 0.560 0.456 0.424 0.485 0.526 0.491 0.481 0.522 0.417 0.441 0.433 0.515 0.551 0.586 0.539 0.589 0.592 0.452 0.422 0.483 0.449 0.480 0.400 0.401 0.422 0.394 0.496 0.530 0.535 0.509 0.447 0.389 0.370 0.404 0.344 0.400 0.455
0.394 0.452 0.423 0.482 0.535 0.581 0.507 0.596 0.481 0.573 0.490 0.499 0.441 0.389 0.419 0.412 0.415 0.379 0.417 0.387 0.482 0.459 0.583 0.560 0.543 0.587 0.497 0.525 0.536 0.427 0.432 0.453 0.596 0.519 0.506 0.473 0.471 0.426 0.448 0.537 0.590 0.560 0.507 0.492 0.476 0.482 0.450 0.488 0.410 0.432 0.505 0.455 0.421 0.510 0.464 0.503 0.419 0.467 0.470 0.461 0.476 0.412 0.437 0.377
0.428 0.385 0.342 0.424 0.469 0.521 0.531 0.515 0.521 0.513 0.440 0.495 0.427 0.456 0.424 0.445 0.477 0.414 0.475 0.496 0.483 0.496 0.491 0.512 0.514 0.504 0.618 0.573 0.538 0.517 0.403 0.505 0.545 0.481 0.405 0.428 0.504 0.486 0.405 0.507 0.483 0.489 0.456 0.435 0.394 0.499 0.485 0.462 0.462 0.482 0.419 0.487 0.427 0.388 0.503 0.475 0.415 0.489 0.550 0.457 0.516 0.442 0.452 0.432
0.463 0.441 0.453 0.487 0.450 0.532 0.576 0.511 0.525 0.440 0.434 0.374 0.414 0.435 0.425 0.498 0.450 0.424 0.381 0.361 0.460 0.470 0.516 0.543 0.568 0.549 0.539 0.432 0.556 0.505 0.490 0.480 0.512 0.510 0.410 0.462 0.463 0.462 0.399 0.366 0.460 0.445 0.439 0.517 0.475 0.442 0.475 0.446 0.395 0.398 0.463 0.520 0.448 0.472 0.413 0.428 0.378 0.408 0.538 0.599 0.645 0.512 0.485 0.426
0.410 0.457 0.551 0.454 0.476 0.469 0.594 0.559 0.534 0.545 0.375 0.450 0.493 0.467 0.553 0.462 0.441 0.404 0.383 0.307 0.424 0.494 0.474 0.501 0.603 0.560 0.508 0.439 0.469 0.523 0.528 0.451 0.568 0.567 0.456 0.452 0.446 0.421 0.468 0.503 0.345 0.424 0.512 0.512 0.504 0.479 0.381 0.524 0.474 0.410 0.525 0.558 0.636 0.496 0.490 0.520 0.467 0.392 0.550 0.579 0.568 0.501 0.440 0.472
0.415 0.491 0.504 0.601 0.564 0.591 0.595 0.515 0.498 0.565 0.461 0.471 0.525 0.513 0.527 0.586 0.502 0.519 0.443 0.373 0.471 0.491 0.465 0.452 0.497 0.488 0.487 0.478 0.437 0.472 0.522 0.540 0.624 0.561 0.564 0.433 0.497 0.500 0.578 0.492 0.465 0.424 0.532 0.570 0.498 0.505 0.447 0.534 0.487 0.578 0.602 0.611 0.660 0.517 0.545 0.502 0.549 0.445 0.439 0.511 0.596 0.505 0.464 0.468
0.508 0.421 0.505 0.529 0.528 0.484 0.547 0.505 0.564 0.495 0.389 0.383 0.459 0.587 0.538 0.625 0.627 0.475 0.516 0.498 0.494 0.548 0.468 0.506 0.466 0.400 0.365 0.445 0.432 0.449 0.581 0.468 0.491 0.518 0.546 0.449 0.449 0.551 0.520 0.601 0.594 0.582 0.456 0.523 0.507 0.480 0.477 0.503 0.562 0.553 0.597 0.652 0.611 0.539 0.530 0.470 0.503 0.445 0.466 0.455 0.476 0.548 0.490 0.518
0.450 0.496 0.492 0.435 0.468 0.545 0.535 0.579 0.487 0.435 0.345 0.433 0.526 0.495 0.553 0.544 0.550 0.523 0.497 0.389 0.379 0.500 0.418 0.396 0.381 0.381 0.444 0.521 0.480 0.479 0.476 0.474 0.412 0.482 0.467 0.396 0.515 0.528 0.470 0.573 0.591 0.632 0.514 0.553 0.515 0.482 0.409 0.451 0.509 0.624 0.573 0.593 0.596 0.601 0.430 0.523 0.462 0.564 0.478 0.455 0.523 0.507 0.534 0.464
0.448 0.475 0.405 0.389 0.458 0.439 0.524 0.532 0.494 0.398 0.342 0.510 0.525 0.523 0.500 0.512 0.541 0.558 0.486 0.468 0.402 0.390 0.406 0.266 0.325 0.325 0.422 0.421 0.411 0.490 0.464 0.381 0.383 0.424 0.453 0.381 0.441 0.513 0.595 0.596 0.535 0.583 0.554 0.556 0.574 0.522 0.498 0.474 0.569 0.598 0.577 0.582 0.552 0.573 0.483 0.516 0.485 0.482 0.460 0.497 0.478 0.513 0.534 0.410
0.418 0.378 0.444 0.404 0.503 0.507 0.548 0.524 0.490 0.459 0.389 0.471 0.465 0.432 0.515 0.529 0.561 0.554 0.518 0.481 0.453 0.385 0.395 0.303 0.394 0.364 0.303 0.440 0.387 0.413 0.394 0.445 0.441 0.453 0.440 0.524 0.461 0.460 0.618 0.580 0.494 0.480 0.578 0.577 0.587 0.497 0.540 0.462 0.484 0.562 0.598 0.583 0.643 0.483 0.420 0.486 0.501 0.399 0.512 0.530 0.544 0.453 0.405 0.387
0.463 0.473 0.375 0.405 0.435 0.487 0.481 0.661 0.641 0.499 0.465 0.491 0.470 0.481 0.547 0.621 0.634 0.507 0.509 0.515 0.482 0.435 0.481 0.435 0.424 0.433 0.352 0.332 0.353 0.402 0.468 0.477 0.430 0.386 0.489 0.438 0.539 0.502 0.581 0.594 0.486 0.524 0.577 0.578 0.524 0.469 0.483 0.538 0.572 0.561 0.547 0.605 0.624 0.485 0.520 0.381 0.386 0.378 0.387 0.507 0.549 0.510 0.520 0.377
0.499 0.383 0.383 0.411 0.459 0.535 0.610 0.581 0.622 0.517 0.483 0.539 0.484 0.519 0.499 0.532 0.537 0.569 0.469 0.495 0.467 0.513 0.500 0.402 0.404 0.446 0.352 0.425 0.383 0.452 0.438 0.483 0.481 0.370 0.401 0.360 0.497 0.518 0.602 0.548 0.482 0.556 0.453 0.524 0.475 0.510 0.526 0.528 0.513 0.592 0.541 0.579 0.645 0.576 0.531 0.456 0.402 0.384 0.444 0.488 0.534 0.556 0.449 0.469
0.452 0.400 0.504 0.435 0.401 0.430 0.552 0.566 0.552 0.517 0.472 0.403 0.467 0.516 0.475 0.523 0.563 0.548 0.561 0.479 0.559 0.547 0.487 0.433 0.369 0.454 0.407 0.428 0.492 0.453 0.493 0.484 0.448 0.504 0.386 0.382 0.395 0.586 0.555 0.511 0.591 0.470 0.516 0.476 0.419 0.539 0.504 0.520 0.465 0.539 0.603 0.613 0.538 0.612 0.576 0.440 0.393 0.357 0.473 0.477 0.545 0.488 0.537 0.472
0.512 0.486 0.501 0.493 0.497 0.454 0.541 0.448 0.503 0.446 0.487 0.400 0.362 0.444 0.388 0.498 0.477 0.508 0.522 0.561 0.604 0.586 0.570 0.507 0.498 0.517 0.523 0.499 0.440 0.538 0.522 0.553 0.585 0.539 0.557 0.352 0.389 0.425 0.495 0.527 0.523 0.539 0.487 0.470 0.472 0.454 0.571 0.542 0.476 0.570 0.593 0.540 0.519 0.607 0.602 0.595 0.470 0.434 0.470 0.490 0.619 0.640 0.570 0.504
