11.9787 -0.7787 11.9787 0.076 0.084 0.112
9.8182 -0.8420 12.0420 0.076 0.084 0.112
9.8182 0.8162 12.0162 0.076 0.084 0.112
11.9787 -0.7787 11.9787 0.076 0.084 0.112
9.8182 0.8162 12.0162 0.076 0.084 0.112
12.0312 0.8312 12.0312 0.076 0.084 0.112
9.8182 -0.8420 12.0420 0.073 0.081 0.108
7.6364 -0.7938 11.9938 0.073 0.081 0.108
7.6364 0.7825 11.9825 0.073 0.081 0.108
9.8182 -0.8420 12.0420 0.073 0.081 0.108
7.6364 0.7825 11.9825 0.073 0.081 0.108
9.8182 0.8162 12.0162 0.073 0.081 0.108
7.6364 -0.7938 11.9938 0.079 0.087 0.116
5.4545 -0.7781 11.9781 0.079 0.087 0.116
5.4545 0.7870 11.9870 0.079 0.087 0.116
7.6364 -0.7938 11.9938 0.079 0.087 0.116
5.4545 0.7870 11.9870 0.079 0.087 0.116
7.6364 0.7825 11.9825 0.079 0.087 0.116
5.4545 -0.7781 11.9781 0.075 0.083 0.111
3.2727 -0.7882 11.9882 0.075 0.083 0.111
3.2727 0.8223 12.0223 0.075 0.083 0.111
5.4545 -0.7781 11.9781 0.075 0.083 0.111
3.2727 0.8223 12.0223 0.075 0.083 0.111
5.4545 0.7870 11.9870 0.075 0.083 0.111
3.2727 -0.7882 11.9882 0.073 0.081 0.108
1.0909 -0.7468 11.9468 0.073 0.081 0.108
1.0909 0.7543 11.9543 0.073 0.081 0.108
3.2727 -0.7882 11.9882 0.073 0.081 0.108
1.0909 0.7543 11.9543 0.073 0.081 0.108
3.2727 0.8223 12.0223 0.073 0.081 0.108
1.0909 -0.7468 11.9468 0.075 0.082 0.110
-1.0909 -0.8388 12.0388 0.075 0.082 0.110
-1.0909 0.8055 12.0055 0.075 0.082 0.110
1.0909 -0.7468 11.9468 0.075 0.082 0.110
-1.0909 0.8055 12.0055 0.075 0.082 0.110
1.0909 0.7543 11.9543 0.075 0.082 0.110
-1.0909 -0.8388 12.0388 0.074 0.082 0.109
-3.2727 -0.8332 12.0332 0.074 0.082 0.109
-3.2727 0.7740 11.9740 0.074 0.082 0.109
-1.0909 -0.8388 12.0388 0.074 0.082 0.109
-3.2727 0.7740 11.9740 0.074 0.082 0.109
-1.0909 0.8055 12.0055 0.074 0.082 0.109
-3.2727 -0.8332 12.0332 0.077 0.086 0.114
-5.4545 -0.7735 11.9735 0.077 0.086 0.114
-5.4545 0.7505 11.9505 0.077 0.086 0.114
-3.2727 -0.8332 12.0332 0.077 0.086 0.114
-5.4545 0.7505 11.9505 0.077 0.086 0.114
-3.2727 0.7740 11.9740 0.077 0.086 0.114
-5.4545 -0.7735 11.9735 0.079 0.088 0.117
-7.6364 -0.7799 11.9799 0.079 0.088 0.117
-7.6364 0.7709 11.9709 0.079 0.088 0.117
-5.4545 -0.7735 11.9735 0.079 0.088 0.117
-7.6364 0.7709 11.9709 0.079 0.088 0.117
-5.4545 0.7505 11.9505 0.079 0.088 0.117
-7.6364 -0.7799 11.9799 0.077 0.085 0.113
-9.8182 -0.8093 12.0093 0.077 0.085 0.113
-9.8182 0.8237 12.0237 0.077 0.085 0.113
-7.6364 -0.7799 11.9799 0.077 0.085 0.113
-9.8182 0.8237 12.0237 0.077 0.085 0.113
-7.6364 0.7709 11.9709 0.077 0.085 0.113
-9.8182 -0.8093 12.0093 0.074 0.082 0.109
-11.9921 -0.7921 11.9921 0.074 0.082 0.109
-12.0085 0.8085 12.0085 0.074 0.082 0.109
-9.8182 -0.8093 12.0093 0.074 0.082 0.109
-12.0085 0.8085 12.0085 0.074 0.082 0.109
-9.8182 0.8237 12.0237 0.074 0.082 0.109
-12.0125 -0.8125 -12.0125 0.126 0.139 0.185
-9.8182 -0.7709 -11.9709 0.126 0.139 0.185
-9.8182 0.7573 -11.9573 0.126 0.139 0.185
-12.0125 -0.8125 -12.0125 0.126 0.139 0.185
-9.8182 0.7573 -11.9573 0.126 0.139 0.185
-11.9725 0.7725 -11.9725 0.126 0.139 0.185
-9.8182 -0.7709 -11.9709 0.135 0.149 0.199
-7.6364 -0.8103 -12.0103 0.135 0.149 0.199
-7.6364 0.8192 -12.0192 0.135 0.149 0.199
-9.8182 -0.7709 -11.9709 0.135 0.149 0.199
-7.6364 0.8192 -12.0192 0.135 0.149 0.199
-9.8182 0.7573 -11.9573 0.135 0.149 0.199
-7.6364 -0.8103 -12.0103 0.131 0.145 0.193
-5.4545 -0.7642 -11.9642 0.131 0.145 0.193
-5.4545 0.8401 -12.0401 0.131 0.145 0.193
-7.6364 -0.8103 -12.0103 0.131 0.145 0.193
-5.4545 0.8401 -12.0401 0.131 0.145 0.193
-7.6364 0.8192 -12.0192 0.131 0.145 0.193
-5.4545 -0.7642 -11.9642 0.123 0.135 0.181
-3.2727 -0.7768 -11.9768 0.123 0.135 0.181
-3.2727 0.7962 -11.9962 0.123 0.135 0.181
-5.4545 -0.7642 -11.9642 0.123 0.135 0.181
-3.2727 0.7962 -11.9962 0.123 0.135 0.181
-5.4545 0.8401 -12.0401 0.123 0.135 0.181
-3.2727 -0.7768 -11.9768 0.125 0.138 0.184
-1.0909 -0.8202 -12.0202 0.125 0.138 0.184
-1.0909 0.8319 -12.0319 0.125 0.138 0.184
-3.2727 -0.7768 -11.9768 0.125 0.138 0.184
-1.0909 0.8319 -12.0319 0.125 0.138 0.184
-3.2727 0.7962 -11.9962 0.125 0.138 0.184
-1.0909 -0.8202 -12.0202 0.130 0.144 0.192
1.0909 -0.7588 -11.9588 0.130 0.144 0.192
1.0909 0.7669 -11.9669 0.130 0.144 0.192
-1.0909 -0.8202 -12.0202 0.130 0.144 0.192
1.0909 0.7669 -11.9669 0.130 0.144 0.192
-1.0909 0.8319 -12.0319 0.130 0.144 0.192
1.0909 -0.7588 -11.9588 0.135 0.150 0.200
3.2727 -0.8510 -12.0510 0.135 0.150 0.200
3.2727 0.7922 -11.9922 0.135 0.150 0.200
1.0909 -0.7588 -11.9588 0.135 0.150 0.200
3.2727 0.7922 -11.9922 0.135 0.150 0.200
1.0909 0.7669 -11.9669 0.135 0.150 0.200
3.2727 -0.8510 -12.0510 0.134 0.148 0.197
5.4545 -0.7848 -11.9848 0.134 0.148 0.197
5.4545 0.7686 -11.9686 0.134 0.148 0.197
3.2727 -0.8510 -12.0510 0.134 0.148 0.197
5.4545 0.7686 -11.9686 0.134 0.148 0.197
3.2727 0.7922 -11.9922 0.134 0.148 0.197
5.4545 -0.7848 -11.9848 0.124 0.137 0.183
7.6364 -0.7870 -11.9870 0.124 0.137 0.183
7.6364 0.7995 -11.9995 0.124 0.137 0.183
5.4545 -0.7848 -11.9848 0.124 0.137 0.183
7.6364 0.7995 -11.9995 0.124 0.137 0.183
5.4545 0.7686 -11.9686 0.124 0.137 0.183
7.6364 -0.7870 -11.9870 0.133 0.146 0.195
9.8182 -0.8412 -12.0412 0.133 0.146 0.195
9.8182 0.8273 -12.0273 0.133 0.146 0.195
7.6364 -0.7870 -11.9870 0.133 0.146 0.195
9.8182 0.8273 -12.0273 0.133 0.146 0.195
7.6364 0.7995 -11.9995 0.133 0.146 0.195
9.8182 -0.8412 -12.0412 0.127 0.141 0.188
11.9991 -0.7991 -11.9991 0.127 0.141 0.188
11.9828 0.7828 -11.9828 0.127 0.141 0.188
9.8182 -0.8412 -12.0412 0.127 0.141 0.188
11.9828 0.7828 -11.9828 0.127 0.141 0.188
9.8182 0.8273 -12.0273 0.127 0.141 0.188
-11.9725 0.7725 -11.9725 0.153 0.169 0.226
-9.8182 0.7573 -11.9573 0.153 0.169 0.226
-9.8182 0.7808 -9.8182 0.153 0.169 0.226
-11.9725 0.7725 -11.9725 0.153 0.169 0.226
-9.8182 0.7808 -9.8182 0.153 0.169 0.226
-11.9629 0.7629 -9.8182 0.153 0.169 0.226
-9.8182 0.7573 -11.9573 0.157 0.173 0.231
-7.6364 0.8192 -12.0192 0.157 0.173 0.231
-7.6364 0.8398 -9.8182 0.157 0.173 0.231
-9.8182 0.7573 -11.9573 0.157 0.173 0.231
-7.6364 0.8398 -9.8182 0.157 0.173 0.231
-9.8182 0.7808 -9.8182 0.157 0.173 0.231
-7.6364 0.8192 -12.0192 0.159 0.176 0.235
-5.4545 0.8401 -12.0401 0.159 0.176 0.235
-5.4545 0.8219 -9.8182 0.159 0.176 0.235
-7.6364 0.8192 -12.0192 0.159 0.176 0.235
-5.4545 0.8219 -9.8182 0.159 0.176 0.235
-7.6364 0.8398 -9.8182 0.159 0.176 0.235
-5.4545 0.8401 -12.0401 0.163 0.180 0.240
-3.2727 0.7962 -11.9962 0.163 0.180 0.240
-3.2727 0.8445 -9.8182 0.163 0.180 0.240
-5.4545 0.8401 -12.0401 0.163 0.180 0.240
-3.2727 0.8445 -9.8182 0.163 0.180 0.240
-5.4545 0.8219 -9.8182 0.163 0.180 0.240
-3.2727 0.7962 -11.9962 0.160 0.176 0.235
-1.0909 0.8319 -12.0319 0.160 0.176 0.235
-1.0909 0.8458 -9.8182 0.160 0.176 0.235
-3.2727 0.7962 -11.9962 0.160 0.176 0.235
-1.0909 0.8458 -9.8182 0.160 0.176 0.235
-3.2727 0.8445 -9.8182 0.160 0.176 0.235
-1.0909 0.8319 -12.0319 0.156 0.172 0.230
1.0909 0.7669 -11.9669 0.156 0.172 0.230
1.0909 0.8279 -9.8182 0.156 0.172 0.230
-1.0909 0.8319 -12.0319 0.156 0.172 0.230
1.0909 0.8279 -9.8182 0.156 0.172 0.230
-1.0909 0.8458 -9.8182 0.156 0.172 0.230
1.0909 0.7669 -11.9669 0.163 0.180 0.240
3.2727 0.7922 -11.9922 0.163 0.180 0.240
3.2727 0.8126 -9.8182 0.163 0.180 0.240
1.0909 0.7669 -11.9669 0.163 0.180 0.240
3.2727 0.8126 -9.8182 0.163 0.180 0.240
1.0909 0.8279 -9.8182 0.163 0.180 0.240
3.2727 0.7922 -11.9922 0.152 0.167 0.223
5.4545 0.7686 -11.9686 0.152 0.167 0.223
5.4545 0.7999 -9.8182 0.152 0.167 0.223
3.2727 0.7922 -11.9922 0.152 0.167 0.223
5.4545 0.7999 -9.8182 0.152 0.167 0.223
3.2727 0.8126 -9.8182 0.152 0.167 0.223
5.4545 0.7686 -11.9686 0.165 0.182 0.243
7.6364 0.7995 -11.9995 0.165 0.182 0.243
7.6364 0.8148 -9.8182 0.165 0.182 0.243
5.4545 0.7686 -11.9686 0.165 0.182 0.243
7.6364 0.8148 -9.8182 0.165 0.182 0.243
5.4545 0.7999 -9.8182 0.165 0.182 0.243
7.6364 0.7995 -11.9995 0.160 0.177 0.236
9.8182 0.8273 -12.0273 0.160 0.177 0.236
9.8182 0.8142 -9.8182 0.160 0.177 0.236
7.6364 0.7995 -11.9995 0.160 0.177 0.236
9.8182 0.8142 -9.8182 0.160 0.177 0.236
7.6364 0.8148 -9.8182 0.160 0.177 0.236
9.8182 0.8273 -12.0273 0.162 0.179 0.239
11.9828 0.7828 -11.9828 0.162 0.179 0.239
11.9836 0.7836 -9.8182 0.162 0.179 0.239
9.8182 0.8273 -12.0273 0.162 0.179 0.239
11.9836 0.7836 -9.8182 0.162 0.179 0.239
9.8182 0.8142 -9.8182 0.162 0.179 0.239
-11.9629 0.7629 -9.8182 0.162 0.179 0.239
-9.8182 0.7808 -9.8182 0.162 0.179 0.239
-9.8182 0.7277 -7.6364 0.162 0.179 0.239
-11.9629 0.7629 -9.8182 0.162 0.179 0.239
-9.8182 0.7277 -7.6364 0.162 0.179 0.239
-11.9857 0.7857 -7.6364 0.162 0.179 0.239
-9.8182 0.7808 -9.8182 0.157 0.174 0.232
-7.6364 0.8398 -9.8182 0.157 0.174 0.232
-7.6364 0.7574 -7.6364 0.157 0.174 0.232
-9.8182 0.7808 -9.8182 0.157 0.174 0.232
-7.6364 0.7574 -7.6364 0.157 0.174 0.232
-9.8182 0.7277 -7.6364 0.157 0.174 0.232
-7.6364 0.8398 -9.8182 0.162 0.179 0.238
-5.4545 0.8219 -9.8182 0.162 0.179 0.238
-5.4545 0.7596 -7.6364 0.162 0.179 0.238
-7.6364 0.8398 -9.8182 0.162 0.179 0.238
-5.4545 0.7596 -7.6364 0.162 0.179 0.238
-7.6364 0.7574 -7.6364 0.162 0.179 0.238
-5.4545 0.8219 -9.8182 0.153 0.169 0.226
-3.2727 0.8445 -9.8182 0.153 0.169 0.226
-3.2727 0.8118 -7.6364 0.153 0.169 0.226
-5.4545 0.8219 -9.8182 0.153 0.169 0.226
-3.2727 0.8118 -7.6364 0.153 0.169 0.226
-5.4545 0.7596 -7.6364 0.153 0.169 0.226
-3.2727 0.8445 -9.8182 0.161 0.178 0.238
-1.0909 0.8458 -9.8182 0.161 0.178 0.238
-1.0909 0.7814 -7.6364 0.161 0.178 0.238
-3.2727 0.8445 -9.8182 0.161 0.178 0.238
-1.0909 0.7814 -7.6364 0.161 0.178 0.238
-3.2727 0.8118 -7.6364 0.161 0.178 0.238
-1.0909 0.8458 -9.8182 0.154 0.170 0.227
1.0909 0.8279 -9.8182 0.154 0.170 0.227
1.0909 0.7925 -7.6364 0.154 0.170 0.227
-1.0909 0.8458 -9.8182 0.154 0.170 0.227
1.0909 0.7925 -7.6364 0.154 0.170 0.227
-1.0909 0.7814 -7.6364 0.154 0.170 0.227
1.0909 0.8279 -9.8182 0.162 0.179 0.239
3.2727 0.8126 -9.8182 0.162 0.179 0.239
3.2727 0.7610 -7.6364 0.162 0.179 0.239
1.0909 0.8279 -9.8182 0.162 0.179 0.239
3.2727 0.7610 -7.6364 0.162 0.179 0.239
1.0909 0.7925 -7.6364 0.162 0.179 0.239
3.2727 0.8126 -9.8182 0.152 0.168 0.224
5.4545 0.7999 -9.8182 0.152 0.168 0.224
5.4545 0.7078 -7.6364 0.152 0.168 0.224
3.2727 0.8126 -9.8182 0.152 0.168 0.224
5.4545 0.7078 -7.6364 0.152 0.168 0.224
3.2727 0.7610 -7.6364 0.152 0.168 0.224
5.4545 0.7999 -9.8182 0.152 0.168 0.224
7.6364 0.8148 -9.8182 0.152 0.168 0.224
7.6364 0.7396 -7.6364 0.152 0.168 0.224
5.4545 0.7999 -9.8182 0.152 0.168 0.224
7.6364 0.7396 -7.6364 0.152 0.168 0.224
5.4545 0.7078 -7.6364 0.152 0.168 0.224
7.6364 0.8148 -9.8182 0.159 0.176 0.234
9.8182 0.8142 -9.8182 0.159 0.176 0.234
9.8182 0.7339 -7.6364 0.159 0.176 0.234
7.6364 0.8148 -9.8182 0.159 0.176 0.234
9.8182 0.7339 -7.6364 0.159 0.176 0.234
7.6364 0.7396 -7.6364 0.159 0.176 0.234
9.8182 0.8142 -9.8182 0.154 0.170 0.227
11.9836 0.7836 -9.8182 0.154 0.170 0.227
11.9698 0.7698 -7.6364 0.154 0.170 0.227
9.8182 0.8142 -9.8182 0.154 0.170 0.227
11.9698 0.7698 -7.6364 0.154 0.170 0.227
9.8182 0.7339 -7.6364 0.154 0.170 0.227
-11.9857 0.7857 -7.6364 0.157 0.173 0.231
-9.8182 0.7277 -7.6364 0.157 0.173 0.231
-9.8182 0.7198 -5.4545 0.157 0.173 0.231
-11.9857 0.7857 -7.6364 0.157 0.173 0.231
-9.8182 0.7198 -5.4545 0.157 0.173 0.231
-11.9879 0.7879 -5.4545 0.157 0.173 0.231
-9.8182 0.7277 -7.6364 0.163 0.180 0.240
-7.6364 0.7574 -7.6364 0.163 0.180 0.240
-7.6364 0.7741 -5.4545 0.163 0.180 0.240
-9.8182 0.7277 -7.6364 0.163 0.180 0.240
-7.6364 0.7741 -5.4545 0.163 0.180 0.240
-9.8182 0.7198 -5.4545 0.163 0.180 0.240
-7.6364 0.7574 -7.6364 0.162 0.179 0.239
-5.4545 0.7596 -7.6364 0.162 0.179 0.239
-5.4545 0.8043 -5.4545 0.162 0.179 0.239
-7.6364 0.7574 -7.6364 0.162 0.179 0.239
-5.4545 0.8043 -5.4545 0.162 0.179 0.239
-7.6364 0.7741 -5.4545 0.162 0.179 0.239
-5.4545 0.7596 -7.6364 0.154 0.170 0.226
-3.2727 0.8118 -7.6364 0.154 0.170 0.226
-3.2727 0.7975 -5.4545 0.154 0.170 0.226
-5.4545 0.7596 -7.6364 0.154 0.170 0.226
-3.2727 0.7975 -5.4545 0.154 0.170 0.226
-5.4545 0.8043 -5.4545 0.154 0.170 0.226
-3.2727 0.8118 -7.6364 0.157 0.174 0.232
-1.0909 0.7814 -7.6364 0.157 0.174 0.232
-1.0909 0.7338 -5.4545 0.157 0.174 0.232
-3.2727 0.8118 -7.6364 0.157 0.174 0.232
-1.0909 0.7338 -5.4545 0.157 0.174 0.232
-3.2727 0.7975 -5.4545 0.157 0.174 0.232
-1.0909 0.7814 -7.6364 0.155 0.172 0.229
1.0909 0.7925 -7.6364 0.155 0.172 0.229
1.0909 0.7634 -5.4545 0.155 0.172 0.229
-1.0909 0.7814 -7.6364 0.155 0.172 0.229
1.0909 0.7634 -5.4545 0.155 0.172 0.229
-1.0909 0.7338 -5.4545 0.155 0.172 0.229
1.0909 0.7925 -7.6364 0.155 0.172 0.229
3.2727 0.7610 -7.6364 0.155 0.172 0.229
3.2727 0.7902 -5.4545 0.155 0.172 0.229
1.0909 0.7925 -7.6364 0.155 0.172 0.229
3.2727 0.7902 -5.4545 0.155 0.172 0.229
1.0909 0.7634 -5.4545 0.155 0.172 0.229
3.2727 0.7610 -7.6364 0.155 0.171 0.228
5.4545 0.7078 -7.6364 0.155 0.171 0.228
5.4545 0.7626 -5.4545 0.155 0.171 0.228
3.2727 0.7610 -7.6364 0.155 0.171 0.228
5.4545 0.7626 -5.4545 0.155 0.171 0.228
3.2727 0.7902 -5.4545 0.155 0.171 0.228
5.4545 0.7078 -7.6364 0.165 0.183 0.244
7.6364 0.7396 -7.6364 0.165 0.183 0.244
7.6364 0.8164 -5.4545 0.165 0.183 0.244
5.4545 0.7078 -7.6364 0.165 0.183 0.244
7.6364 0.8164 -5.4545 0.165 0.183 0.244
5.4545 0.7626 -5.4545 0.165 0.183 0.244
7.6364 0.7396 -7.6364 0.164 0.181 0.242
9.8182 0.7339 -7.6364 0.164 0.181 0.242
9.8182 0.7726 -5.4545 0.164 0.181 0.242
7.6364 0.7396 -7.6364 0.164 0.181 0.242
9.8182 0.7726 -5.4545 0.164 0.181 0.242
7.6364 0.8164 -5.4545 0.164 0.181 0.242
9.8182 0.7339 -7.6364 0.160 0.177 0.236
11.9698 0.7698 -7.6364 0.160 0.177 0.236
11.9295 0.7295 -5.4545 0.160 0.177 0.236
9.8182 0.7339 -7.6364 0.160 0.177 0.236
11.9295 0.7295 -5.4545 0.160 0.177 0.236
9.8182 0.7726 -5.4545 0.160 0.177 0.236
-11.9879 0.7879 -5.4545 0.160 0.177 0.236
-9.8182 0.7198 -5.4545 0.160 0.177 0.236
-9.8182 0.8041 -3.2727 0.160 0.177 0.236
-11.9879 0.7879 -5.4545 0.160 0.177 0.236
-9.8182 0.8041 -3.2727 0.160 0.177 0.236
-11.9994 0.7994 -3.2727 0.160 0.177 0.236
-9.8182 0.7198 -5.4545 0.165 0.182 0.243
-7.6364 0.7741 -5.4545 0.165 0.182 0.243
-7.6364 0.8364 -3.2727 0.165 0.182 0.243
-9.8182 0.7198 -5.4545 0.165 0.182 0.243
-7.6364 0.8364 -3.2727 0.165 0.182 0.243
-9.8182 0.8041 -3.2727 0.165 0.182 0.243
-7.6364 0.7741 -5.4545 0.157 0.174 0.232
-5.4545 0.8043 -5.4545 0.157 0.174 0.232
-5.4545 0.8013 -3.2727 0.157 0.174 0.232
-7.6364 0.7741 -5.4545 0.157 0.174 0.232
-5.4545 0.8013 -3.2727 0.157 0.174 0.232
-7.6364 0.8364 -3.2727 0.157 0.174 0.232
-5.4545 0.8043 -5.4545 0.153 0.169 0.225
-3.2727 0.7975 -5.4545 0.153 0.169 0.225
-3.2727 0.8086 -3.2727 0.153 0.169 0.225
-5.4545 0.8043 -5.4545 0.153 0.169 0.225
-3.2727 0.8086 -3.2727 0.153 0.169 0.225
-5.4545 0.8013 -3.2727 0.153 0.169 0.225
-3.2727 0.7975 -5.4545 0.150 0.166 0.221
-1.0909 0.7338 -5.4545 0.150 0.166 0.221
-1.0909 0.7264 -3.2727 0.150 0.166 0.221
-3.2727 0.7975 -5.4545 0.150 0.166 0.221
-1.0909 0.7264 -3.2727 0.150 0.166 0.221
-3.2727 0.8086 -3.2727 0.150 0.166 0.221
-1.0909 0.7338 -5.4545 0.159 0.176 0.235
1.0909 0.7634 -5.4545 0.159 0.176 0.235
1.0909 0.8203 -3.2727 0.159 0.176 0.235
-1.0909 0.7338 -5.4545 0.159 0.176 0.235
1.0909 0.8203 -3.2727 0.159 0.176 0.235
-1.0909 0.7264 -3.2727 0.159 0.176 0.235
1.0909 0.7634 -5.4545 0.153 0.169 0.225
3.2727 0.7902 -5.4545 0.153 0.169 0.225
3.2727 0.8503 -3.2727 0.153 0.169 0.225
1.0909 0.7634 -5.4545 0.153 0.169 0.225
3.2727 0.8503 -3.2727 0.153 0.169 0.225
1.0909 0.8203 -3.2727 0.153 0.169 0.225
3.2727 0.7902 -5.4545 0.152 0.168 0.223
5.4545 0.7626 -5.4545 0.152 0.168 0.223
5.4545 0.8094 -3.2727 0.152 0.168 0.223
3.2727 0.7902 -5.4545 0.152 0.168 0.223
5.4545 0.8094 -3.2727 0.152 0.168 0.223
3.2727 0.8503 -3.2727 0.152 0.168 0.223
5.4545 0.7626 -5.4545 0.163 0.180 0.240
7.6364 0.8164 -5.4545 0.163 0.180 0.240
7.6364 0.8115 -3.2727 0.163 0.180 0.240
5.4545 0.7626 -5.4545 0.163 0.180 0.240
7.6364 0.8115 -3.2727 0.163 0.180 0.240
5.4545 0.8094 -3.2727 0.163 0.180 0.240
7.6364 0.8164 -5.4545 0.150 0.166 0.221
9.8182 0.7726 -5.4545 0.150 0.166 0.221
9.8182 0.7233 -3.2727 0.150 0.166 0.221
7.6364 0.8164 -5.4545 0.150 0.166 0.221
9.8182 0.7233 -3.2727 0.150 0.166 0.221
7.6364 0.8115 -3.2727 0.150 0.166 0.221
9.8182 0.7726 -5.4545 0.157 0.173 0.231
11.9295 0.7295 -5.4545 0.157 0.173 0.231
11.9847 0.7847 -3.2727 0.157 0.173 0.231
9.8182 0.7726 -5.4545 0.157 0.173 0.231
11.9847 0.7847 -3.2727 0.157 0.173 0.231
9.8182 0.7233 -3.2727 0.157 0.173 0.231
-11.9994 0.7994 -3.2727 0.154 0.171 0.227
-9.8182 0.8041 -3.2727 0.154 0.171 0.227
-9.8182 0.8385 -1.0909 0.154 0.171 0.227
-11.9994 0.7994 -3.2727 0.154 0.171 0.227
-9.8182 0.8385 -1.0909 0.154 0.171 0.227
-12.0337 0.8337 -1.0909 0.154 0.171 0.227
-9.8182 0.8041 -3.2727 0.153 0.169 0.226
-7.6364 0.8364 -3.2727 0.153 0.169 0.226
-7.6364 0.8408 -1.0909 0.153 0.169 0.226
-9.8182 0.8041 -3.2727 0.153 0.169 0.226
-7.6364 0.8408 -1.0909 0.153 0.169 0.226
-9.8182 0.8385 -1.0909 0.153 0.169 0.226
-7.6364 0.8364 -3.2727 0.158 0.175 0.233
-5.4545 0.8013 -3.2727 0.158 0.175 0.233
-5.4545 0.7575 -1.0909 0.158 0.175 0.233
-7.6364 0.8364 -3.2727 0.158 0.175 0.233
-5.4545 0.7575 -1.0909 0.158 0.175 0.233
-7.6364 0.8408 -1.0909 0.158 0.175 0.233
-5.4545 0.8013 -3.2727 0.158 0.175 0.234
-3.2727 0.8086 -3.2727 0.158 0.175 0.234
-3.2727 0.7738 -1.0909 0.158 0.175 0.234
-5.4545 0.8013 -3.2727 0.158 0.175 0.234
-3.2727 0.7738 -1.0909 0.158 0.175 0.234
-5.4545 0.7575 -1.0909 0.158 0.175 0.234
-3.2727 0.8086 -3.2727 0.158 0.175 0.233
-1.0909 0.7264 -3.2727 0.158 0.175 0.233
-1.0909 0.8050 -1.0909 0.158 0.175 0.233
-3.2727 0.8086 -3.2727 0.158 0.175 0.233
-1.0909 0.8050 -1.0909 0.158 0.175 0.233
-3.2727 0.7738 -1.0909 0.158 0.175 0.233
-1.0909 0.7264 -3.2727 0.152 0.168 0.224
1.0909 0.8203 -3.2727 0.152 0.168 0.224
1.0909 0.7831 -1.0909 0.152 0.168 0.224
-1.0909 0.7264 -3.2727 0.152 0.168 0.224
1.0909 0.7831 -1.0909 0.152 0.168 0.224
-1.0909 0.8050 -1.0909 0.152 0.168 0.224
1.0909 0.8203 -3.2727 0.160 0.177 0.235
3.2727 0.8503 -3.2727 0.160 0.177 0.235
3.2727 0.8028 -1.0909 0.160 0.177 0.235
1.0909 0.8203 -3.2727 0.160 0.177 0.235
3.2727 0.8028 -1.0909 0.160 0.177 0.235
1.0909 0.7831 -1.0909 0.160 0.177 0.235
3.2727 0.8503 -3.2727 0.162 0.179 0.239
5.4545 0.8094 -3.2727 0.162 0.179 0.239
5.4545 0.8509 -1.0909 0.162 0.179 0.239
3.2727 0.8503 -3.2727 0.162 0.179 0.239
5.4545 0.8509 -1.0909 0.162 0.179 0.239
3.2727 0.8028 -1.0909 0.162 0.179 0.239
5.4545 0.8094 -3.2727 0.155 0.171 0.228
7.6364 0.8115 -3.2727 0.155 0.171 0.228
7.6364 0.7722 -1.0909 0.155 0.171 0.228
5.4545 0.8094 -3.2727 0.155 0.171 0.228
7.6364 0.7722 -1.0909 0.155 0.171 0.228
5.4545 0.8509 -1.0909 0.155 0.171 0.228
7.6364 0.8115 -3.2727 0.160 0.177 0.236
9.8182 0.7233 -3.2727 0.160 0.177 0.236
9.8182 0.7365 -1.0909 0.160 0.177 0.236
7.6364 0.8115 -3.2727 0.160 0.177 0.236
9.8182 0.7365 -1.0909 0.160 0.177 0.236
7.6364 0.7722 -1.0909 0.160 0.177 0.236
9.8182 0.7233 -3.2727 0.163 0.180 0.240
11.9847 0.7847 -3.2727 0.163 0.180 0.240
11.9844 0.7844 -1.0909 0.163 0.180 0.240
9.8182 0.7233 -3.2727 0.163 0.180 0.240
11.9844 0.7844 -1.0909 0.163 0.180 0.240
9.8182 0.7365 -1.0909 0.163 0.180 0.240
-12.0337 0.8337 -1.0909 0.158 0.175 0.234
-9.8182 0.8385 -1.0909 0.158 0.175 0.234
-9.8182 0.7928 1.0909 0.158 0.175 0.234
-12.0337 0.8337 -1.0909 0.158 0.175 0.234
-9.8182 0.7928 1.0909 0.158 0.175 0.234
-11.9877 0.7877 1.0909 0.158 0.175 0.234
-9.8182 0.8385 -1.0909 0.159 0.176 0.234
-7.6364 0.8408 -1.0909 0.159 0.176 0.234
-7.6364 0.7798 1.0909 0.159 0.176 0.234
-9.8182 0.8385 -1.0909 0.159 0.176 0.234
-7.6364 0.7798 1.0909 0.159 0.176 0.234
-9.8182 0.7928 1.0909 0.159 0.176 0.234
-7.6364 0.8408 -1.0909 0.155 0.171 0.228
-5.4545 0.7575 -1.0909 0.155 0.171 0.228
-5.4545 0.7375 1.0909 0.155 0.171 0.228
-7.6364 0.8408 -1.0909 0.155 0.171 0.228
-5.4545 0.7375 1.0909 0.155 0.171 0.228
-7.6364 0.7798 1.0909 0.155 0.171 0.228
-5.4545 0.7575 -1.0909 0.155 0.172 0.229
-3.2727 0.7738 -1.0909 0.155 0.172 0.229
-3.2727 0.7827 1.0909 0.155 0.172 0.229
-5.4545 0.7575 -1.0909 0.155 0.172 0.229
-3.2727 0.7827 1.0909 0.155 0.172 0.229
-5.4545 0.7375 1.0909 0.155 0.172 0.229
-3.2727 0.7738 -1.0909 0.160 0.176 0.235
-1.0909 0.8050 -1.0909 0.160 0.176 0.235
-1.0909 0.8068 1.0909 0.160 0.176 0.235
-3.2727 0.7738 -1.0909 0.160 0.176 0.235
-1.0909 0.8068 1.0909 0.160 0.176 0.235
-3.2727 0.7827 1.0909 0.160 0.176 0.235
-1.0909 0.8050 -1.0909 0.157 0.173 0.231
1.0909 0.7831 -1.0909 0.157 0.173 0.231
1.0909 0.7347 1.0909 0.157 0.173 0.231
-1.0909 0.8050 -1.0909 0.157 0.173 0.231
1.0909 0.7347 1.0909 0.157 0.173 0.231
-1.0909 0.8068 1.0909 0.157 0.173 0.231
1.0909 0.7831 -1.0909 0.151 0.167 0.222
3.2727 0.8028 -1.0909 0.151 0.167 0.222
3.2727 0.8019 1.0909 0.151 0.167 0.222
1.0909 0.7831 -1.0909 0.151 0.167 0.222
3.2727 0.8019 1.0909 0.151 0.167 0.222
1.0909 0.7347 1.0909 0.151 0.167 0.222
3.2727 0.8028 -1.0909 0.150 0.166 0.221
5.4545 0.8509 -1.0909 0.150 0.166 0.221
5.4545 0.7418 1.0909 0.150 0.166 0.221
3.2727 0.8028 -1.0909 0.150 0.166 0.221
5.4545 0.7418 1.0909 0.150 0.166 0.221
3.2727 0.8019 1.0909 0.150 0.166 0.221
5.4545 0.8509 -1.0909 0.153 0.169 0.226
7.6364 0.7722 -1.0909 0.153 0.169 0.226
7.6364 0.7286 1.0909 0.153 0.169 0.226
5.4545 0.8509 -1.0909 0.153 0.169 0.226
7.6364 0.7286 1.0909 0.153 0.169 0.226
5.4545 0.7418 1.0909 0.153 0.169 0.226
7.6364 0.7722 -1.0909 0.155 0.171 0.228
9.8182 0.7365 -1.0909 0.155 0.171 0.228
9.8182 0.7265 1.0909 0.155 0.171 0.228
7.6364 0.7722 -1.0909 0.155 0.171 0.228
9.8182 0.7265 1.0909 0.155 0.171 0.228
7.6364 0.7286 1.0909 0.155 0.171 0.228
9.8182 0.7365 -1.0909 0.155 0.171 0.228
11.9844 0.7844 -1.0909 0.155 0.171 0.228
11.9665 0.7665 1.0909 0.155 0.171 0.228
9.8182 0.7365 -1.0909 0.155 0.171 0.228
11.9665 0.7665 1.0909 0.155 0.171 0.228
9.8182 0.7265 1.0909 0.155 0.171 0.228
-11.9877 0.7877 1.0909 0.157 0.174 0.231
-9.8182 0.7928 1.0909 0.157 0.174 0.231
-9.8182 0.6964 3.2727 0.157 0.174 0.231
-11.9877 0.7877 1.0909 0.157 0.174 0.231
-9.8182 0.6964 3.2727 0.157 0.174 0.231
-11.9865 0.7865 3.2727 0.157 0.174 0.231
-9.8182 0.7928 1.0909 0.159 0.176 0.235
-7.6364 0.7798 1.0909 0.159 0.176 0.235
-7.6364 0.8057 3.2727 0.159 0.176 0.235
-9.8182 0.7928 1.0909 0.159 0.176 0.235
-7.6364 0.8057 3.2727 0.159 0.176 0.235
-9.8182 0.6964 3.2727 0.159 0.176 0.235
-7.6364 0.7798 1.0909 0.153 0.169 0.225
-5.4545 0.7375 1.0909 0.153 0.169 0.225
-5.4545 0.8699 3.2727 0.153 0.169 0.225
-7.6364 0.7798 1.0909 0.153 0.169 0.225
-5.4545 0.8699 3.2727 0.153 0.169 0.225
-7.6364 0.8057 3.2727 0.153 0.169 0.225
-5.4545 0.7375 1.0909 0.159 0.175 0.234
-3.2727 0.7827 1.0909 0.159 0.175 0.234
-3.2727 0.8174 3.2727 0.159 0.175 0.234
-5.4545 0.7375 1.0909 0.159 0.175 0.234
-3.2727 0.8174 3.2727 0.159 0.175 0.234
-5.4545 0.8699 3.2727 0.159 0.175 0.234
-3.2727 0.7827 1.0909 0.162 0.179 0.239
-1.0909 0.8068 1.0909 0.162 0.179 0.239
-1.0909 0.8565 3.2727 0.162 0.179 0.239
-3.2727 0.7827 1.0909 0.162 0.179 0.239
-1.0909 0.8565 3.2727 0.162 0.179 0.239
-3.2727 0.8174 3.2727 0.162 0.179 0.239
-1.0909 0.8068 1.0909 0.161 0.177 0.237
1.0909 0.7347 1.0909 0.161 0.177 0.237
1.0909 0.7691 3.2727 0.161 0.177 0.237
-1.0909 0.8068 1.0909 0.161 0.177 0.237
1.0909 0.7691 3.2727 0.161 0.177 0.237
-1.0909 0.8565 3.2727 0.161 0.177 0.237
1.0909 0.7347 1.0909 0.159 0.175 0.234
3.2727 0.8019 1.0909 0.159 0.175 0.234
3.2727 0.8009 3.2727 0.159 0.175 0.234
1.0909 0.7347 1.0909 0.159 0.175 0.234
3.2727 0.8009 3.2727 0.159 0.175 0.234
1.0909 0.7691 3.2727 0.159 0.175 0.234
3.2727 0.8019 1.0909 0.158 0.175 0.233
5.4545 0.7418 1.0909 0.158 0.175 0.233
5.4545 0.7239 3.2727 0.158 0.175 0.233
3.2727 0.8019 1.0909 0.158 0.175 0.233
5.4545 0.7239 3.2727 0.158 0.175 0.233
3.2727 0.8009 3.2727 0.158 0.175 0.233
5.4545 0.7418 1.0909 0.154 0.171 0.228
7.6364 0.7286 1.0909 0.154 0.171 0.228
7.6364 0.7134 3.2727 0.154 0.171 0.228
5.4545 0.7418 1.0909 0.154 0.171 0.228
7.6364 0.7134 3.2727 0.154 0.171 0.228
5.4545 0.7239 3.2727 0.154 0.171 0.228
7.6364 0.7286 1.0909 0.162 0.179 0.239
9.8182 0.7265 1.0909 0.162 0.179 0.239
9.8182 0.6765 3.2727 0.162 0.179 0.239
7.6364 0.7286 1.0909 0.162 0.179 0.239
9.8182 0.6765 3.2727 0.162 0.179 0.239
7.6364 0.7134 3.2727 0.162 0.179 0.239
9.8182 0.7265 1.0909 0.158 0.175 0.233
11.9665 0.7665 1.0909 0.158 0.175 0.233
11.9587 0.7587 3.2727 0.158 0.175 0.233
9.8182 0.7265 1.0909 0.158 0.175 0.233
11.9587 0.7587 3.2727 0.158 0.175 0.233
9.8182 0.6765 3.2727 0.158 0.175 0.233
-11.9865 0.7865 3.2727 0.159 0.175 0.234
-9.8182 0.6964 3.2727 0.159 0.175 0.234
-9.8182 0.7067 5.4545 0.159 0.175 0.234
-11.9865 0.7865 3.2727 0.159 0.175 0.234
-9.8182 0.7067 5.4545 0.159 0.175 0.234
-11.9817 0.7817 5.4545 0.159 0.175 0.234
-9.8182 0.6964 3.2727 0.156 0.173 0.230
-7.6364 0.8057 3.2727 0.156 0.173 0.230
-7.6364 0.8006 5.4545 0.156 0.173 0.230
-9.8182 0.6964 3.2727 0.156 0.173 0.230
-7.6364 0.8006 5.4545 0.156 0.173 0.230
-9.8182 0.7067 5.4545 0.156 0.173 0.230
-7.6364 0.8057 3.2727 0.156 0.172 0.230
-5.4545 0.8699 3.2727 0.156 0.172 0.230
-5.4545 0.8726 5.4545 0.156 0.172 0.230
-7.6364 0.8057 3.2727 0.156 0.172 0.230
-5.4545 0.8726 5.4545 0.156 0.172 0.230
-7.6364 0.8006 5.4545 0.156 0.172 0.230
-5.4545 0.8699 3.2727 0.149 0.164 0.219
-3.2727 0.8174 3.2727 0.149 0.164 0.219
-3.2727 0.7680 5.4545 0.149 0.164 0.219
-5.4545 0.8699 3.2727 0.149 0.164 0.219
-3.2727 0.7680 5.4545 0.149 0.164 0.219
-5.4545 0.8726 5.4545 0.149 0.164 0.219
-3.2727 0.8174 3.2727 0.160 0.177 0.236
-1.0909 0.8565 3.2727 0.160 0.177 0.236
-1.0909 0.8425 5.4545 0.160 0.177 0.236
-3.2727 0.8174 3.2727 0.160 0.177 0.236
-1.0909 0.8425 5.4545 0.160 0.177 0.236
-3.2727 0.7680 5.4545 0.160 0.177 0.236
-1.0909 0.8565 3.2727 0.151 0.166 0.222
1.0909 0.7691 3.2727 0.151 0.166 0.222
1.0909 0.7766 5.4545 0.151 0.166 0.222
-1.0909 0.8565 3.2727 0.151 0.166 0.222
1.0909 0.7766 5.4545 0.151 0.166 0.222
-1.0909 0.8425 5.4545 0.151 0.166 0.222
1.0909 0.7691 3.2727 0.163 0.180 0.240
3.2727 0.8009 3.2727 0.163 0.180 0.240
3.2727 0.7519 5.4545 0.163 0.180 0.240
1.0909 0.7691 3.2727 0.163 0.180 0.240
3.2727 0.7519 5.4545 0.163 0.180 0.240
1.0909 0.7766 5.4545 0.163 0.180 0.240
3.2727 0.8009 3.2727 0.153 0.169 0.225
5.4545 0.7239 3.2727 0.153 0.169 0.225
5.4545 0.7464 5.4545 0.153 0.169 0.225
3.2727 0.8009 3.2727 0.153 0.169 0.225
5.4545 0.7464 5.4545 0.153 0.169 0.225
3.2727 0.7519 5.4545 0.153 0.169 0.225
5.4545 0.7239 3.2727 0.164 0.181 0.241
7.6364 0.7134 3.2727 0.164 0.181 0.241
7.6364 0.8290 5.4545 0.164 0.181 0.241
5.4545 0.7239 3.2727 0.164 0.181 0.241
7.6364 0.8290 5.4545 0.164 0.181 0.241
5.4545 0.7464 5.4545 0.164 0.181 0.241
7.6364 0.7134 3.2727 0.160 0.177 0.236
9.8182 0.6765 3.2727 0.160 0.177 0.236
9.8182 0.8121 5.4545 0.160 0.177 0.236
7.6364 0.7134 3.2727 0.160 0.177 0.236
9.8182 0.8121 5.4545 0.160 0.177 0.236
7.6364 0.8290 5.4545 0.160 0.177 0.236
9.8182 0.6765 3.2727 0.164 0.181 0.242
11.9587 0.7587 3.2727 0.164 0.181 0.242
12.0114 0.8114 5.4545 0.164 0.181 0.242
9.8182 0.6765 3.2727 0.164 0.181 0.242
12.0114 0.8114 5.4545 0.164 0.181 0.242
9.8182 0.8121 5.4545 0.164 0.181 0.242
-11.9817 0.7817 5.4545 0.163 0.181 0.241
-9.8182 0.7067 5.4545 0.163 0.181 0.241
-9.8182 0.7799 7.6364 0.163 0.181 0.241
-11.9817 0.7817 5.4545 0.163 0.181 0.241
-9.8182 0.7799 7.6364 0.163 0.181 0.241
-11.9649 0.7649 7.6364 0.163 0.181 0.241
-9.8182 0.7067 5.4545 0.164 0.182 0.242
-7.6364 0.8006 5.4545 0.164 0.182 0.242
-7.6364 0.8007 7.6364 0.164 0.182 0.242
-9.8182 0.7067 5.4545 0.164 0.182 0.242
-7.6364 0.8007 7.6364 0.164 0.182 0.242
-9.8182 0.7799 7.6364 0.164 0.182 0.242
-7.6364 0.8006 5.4545 0.150 0.166 0.221
-5.4545 0.8726 5.4545 0.150 0.166 0.221
-5.4545 0.7515 7.6364 0.150 0.166 0.221
-7.6364 0.8006 5.4545 0.150 0.166 0.221
-5.4545 0.7515 7.6364 0.150 0.166 0.221
-7.6364 0.8007 7.6364 0.150 0.166 0.221
-5.4545 0.8726 5.4545 0.153 0.169 0.225
-3.2727 0.7680 5.4545 0.153 0.169 0.225
-3.2727 0.7475 7.6364 0.153 0.169 0.225
-5.4545 0.8726 5.4545 0.153 0.169 0.225
-3.2727 0.7475 7.6364 0.153 0.169 0.225
-5.4545 0.7515 7.6364 0.153 0.169 0.225
-3.2727 0.7680 5.4545 0.163 0.180 0.240
-1.0909 0.8425 5.4545 0.163 0.180 0.240
-1.0909 0.8212 7.6364 0.163 0.180 0.240
-3.2727 0.7680 5.4545 0.163 0.180 0.240
-1.0909 0.8212 7.6364 0.163 0.180 0.240
-3.2727 0.7475 7.6364 0.163 0.180 0.240
-1.0909 0.8425 5.4545 0.161 0.177 0.237
1.0909 0.7766 5.4545 0.161 0.177 0.237
1.0909 0.7597 7.6364 0.161 0.177 0.237
-1.0909 0.8425 5.4545 0.161 0.177 0.237
1.0909 0.7597 7.6364 0.161 0.177 0.237
-1.0909 0.8212 7.6364 0.161 0.177 0.237
1.0909 0.7766 5.4545 0.155 0.171 0.228
3.2727 0.7519 5.4545 0.155 0.171 0.228
3.2727 0.7604 7.6364 0.155 0.171 0.228
1.0909 0.7766 5.4545 0.155 0.171 0.228
3.2727 0.7604 7.6364 0.155 0.171 0.228
1.0909 0.7597 7.6364 0.155 0.171 0.228
3.2727 0.7519 5.4545 0.158 0.174 0.232
5.4545 0.7464 5.4545 0.158 0.174 0.232
5.4545 0.7949 7.6364 0.158 0.174 0.232
3.2727 0.7519 5.4545 0.158 0.174 0.232
5.4545 0.7949 7.6364 0.158 0.174 0.232
3.2727 0.7604 7.6364 0.158 0.174 0.232
5.4545 0.7464 5.4545 0.159 0.176 0.235
7.6364 0.8290 5.4545 0.159 0.176 0.235
7.6364 0.8471 7.6364 0.159 0.176 0.235
5.4545 0.7464 5.4545 0.159 0.176 0.235
7.6364 0.8471 7.6364 0.159 0.176 0.235
5.4545 0.7949 7.6364 0.159 0.176 0.235
7.6364 0.8290 5.4545 0.161 0.177 0.237
9.8182 0.8121 5.4545 0.161 0.177 0.237
9.8182 0.8495 7.6364 0.161 0.177 0.237
7.6364 0.8290 5.4545 0.161 0.177 0.237
9.8182 0.8495 7.6364 0.161 0.177 0.237
7.6364 0.8471 7.6364 0.161 0.177 0.237
9.8182 0.8121 5.4545 0.153 0.169 0.225
12.0114 0.8114 5.4545 0.153 0.169 0.225
12.0290 0.8290 7.6364 0.153 0.169 0.225
9.8182 0.8121 5.4545 0.153 0.169 0.225
12.0290 0.8290 7.6364 0.153 0.169 0.225
9.8182 0.8495 7.6364 0.153 0.169 0.225
-11.9649 0.7649 7.6364 0.159 0.176 0.234
-9.8182 0.7799 7.6364 0.159 0.176 0.234
-9.8182 0.8430 9.8182 0.159 0.176 0.234
-11.9649 0.7649 7.6364 0.159 0.176 0.234
-9.8182 0.8430 9.8182 0.159 0.176 0.234
-11.9858 0.7858 9.8182 0.159 0.176 0.234
-9.8182 0.7799 7.6364 0.155 0.172 0.229
-7.6364 0.8007 7.6364 0.155 0.172 0.229
-7.6364 0.7867 9.8182 0.155 0.172 0.229
-9.8182 0.7799 7.6364 0.155 0.172 0.229
-7.6364 0.7867 9.8182 0.155 0.172 0.229
-9.8182 0.8430 9.8182 0.155 0.172 0.229
-7.6364 0.8007 7.6364 0.159 0.176 0.235
-5.4545 0.7515 7.6364 0.159 0.176 0.235
-5.4545 0.6953 9.8182 0.159 0.176 0.235
-7.6364 0.8007 7.6364 0.159 0.176 0.235
-5.4545 0.6953 9.8182 0.159 0.176 0.235
-7.6364 0.7867 9.8182 0.159 0.176 0.235
-5.4545 0.7515 7.6364 0.162 0.179 0.239
-3.2727 0.7475 7.6364 0.162 0.179 0.239
-3.2727 0.8412 9.8182 0.162 0.179 0.239
-5.4545 0.7515 7.6364 0.162 0.179 0.239
-3.2727 0.8412 9.8182 0.162 0.179 0.239
-5.4545 0.6953 9.8182 0.162 0.179 0.239
-3.2727 0.7475 7.6364 0.156 0.173 0.231
-1.0909 0.8212 7.6364 0.156 0.173 0.231
-1.0909 0.8558 9.8182 0.156 0.173 0.231
-3.2727 0.7475 7.6364 0.156 0.173 0.231
-1.0909 0.8558 9.8182 0.156 0.173 0.231
-3.2727 0.8412 9.8182 0.156 0.173 0.231
-1.0909 0.8212 7.6364 0.158 0.174 0.232
1.0909 0.7597 7.6364 0.158 0.174 0.232
1.0909 0.7849 9.8182 0.158 0.174 0.232
-1.0909 0.8212 7.6364 0.158 0.174 0.232
1.0909 0.7849 9.8182 0.158 0.174 0.232
-1.0909 0.8558 9.8182 0.158 0.174 0.232
1.0909 0.7597 7.6364 0.162 0.179 0.239
3.2727 0.7604 7.6364 0.162 0.179 0.239
3.2727 0.7950 9.8182 0.162 0.179 0.239
1.0909 0.7597 7.6364 0.162 0.179 0.239
3.2727 0.7950 9.8182 0.162 0.179 0.239
1.0909 0.7849 9.8182 0.162 0.179 0.239
3.2727 0.7604 7.6364 0.158 0.175 0.233
5.4545 0.7949 7.6364 0.158 0.175 0.233
5.4545 0.8297 9.8182 0.158 0.175 0.233
3.2727 0.7604 7.6364 0.158 0.175 0.233
5.4545 0.8297 9.8182 0.158 0.175 0.233
3.2727 0.7950 9.8182 0.158 0.175 0.233
5.4545 0.7949 7.6364 0.156 0.172 0.229
7.6364 0.8471 7.6364 0.156 0.172 0.229
7.6364 0.8073 9.8182 0.156 0.172 0.229
5.4545 0.7949 7.6364 0.156 0.172 0.229
7.6364 0.8073 9.8182 0.156 0.172 0.229
5.4545 0.8297 9.8182 0.156 0.172 0.229
7.6364 0.8471 7.6364 0.158 0.175 0.233
9.8182 0.8495 7.6364 0.158 0.175 0.233
9.8182 0.8911 9.8182 0.158 0.175 0.233
7.6364 0.8471 7.6364 0.158 0.175 0.233
9.8182 0.8911 9.8182 0.158 0.175 0.233
7.6364 0.8073 9.8182 0.158 0.175 0.233
9.8182 0.8495 7.6364 0.164 0.181 0.241
12.0290 0.8290 7.6364 0.164 0.181 0.241
12.0504 0.8504 9.8182 0.164 0.181 0.241
9.8182 0.8495 7.6364 0.164 0.181 0.241
12.0504 0.8504 9.8182 0.164 0.181 0.241
9.8182 0.8911 9.8182 0.164 0.181 0.241
-11.9858 0.7858 9.8182 0.155 0.171 0.228
-9.8182 0.8430 9.8182 0.155 0.171 0.228
-9.8182 0.8237 12.0237 0.155 0.171 0.228
-11.9858 0.7858 9.8182 0.155 0.171 0.228
-9.8182 0.8237 12.0237 0.155 0.171 0.228
-12.0085 0.8085 12.0085 0.155 0.171 0.228
-9.8182 0.8430 9.8182 0.162 0.179 0.238
-7.6364 0.7867 9.8182 0.162 0.179 0.238
-7.6364 0.7709 11.9709 0.162 0.179 0.238
-9.8182 0.8430 9.8182 0.162 0.179 0.238
-7.6364 0.7709 11.9709 0.162 0.179 0.238
-9.8182 0.8237 12.0237 0.162 0.179 0.238
-7.6364 0.7867 9.8182 0.156 0.173 0.230
-5.4545 0.6953 9.8182 0.156 0.173 0.230
-5.4545 0.7505 11.9505 0.156 0.173 0.230
-7.6364 0.7867 9.8182 0.156 0.173 0.230
-5.4545 0.7505 11.9505 0.156 0.173 0.230
-7.6364 0.7709 11.9709 0.156 0.173 0.230
-5.4545 0.6953 9.8182 0.159 0.176 0.234
-3.2727 0.8412 9.8182 0.159 0.176 0.234
-3.2727 0.7740 11.9740 0.159 0.176 0.234
-5.4545 0.6953 9.8182 0.159 0.176 0.234
-3.2727 0.7740 11.9740 0.159 0.176 0.234
-5.4545 0.7505 11.9505 0.159 0.176 0.234
-3.2727 0.8412 9.8182 0.150 0.165 0.221
-1.0909 0.8558 9.8182 0.150 0.165 0.221
-1.0909 0.8055 12.0055 0.150 0.165 0.221
-3.2727 0.8412 9.8182 0.150 0.165 0.221
-1.0909 0.8055 12.0055 0.150 0.165 0.221
-3.2727 0.7740 11.9740 0.150 0.165 0.221
-1.0909 0.8558 9.8182 0.158 0.174 0.232
1.0909 0.7849 9.8182 0.158 0.174 0.232
1.0909 0.7543 11.9543 0.158 0.174 0.232
-1.0909 0.8558 9.8182 0.158 0.174 0.232
1.0909 0.7543 11.9543 0.158 0.174 0.232
-1.0909 0.8055 12.0055 0.158 0.174 0.232
1.0909 0.7849 9.8182 0.164 0.181 0.241
3.2727 0.7950 9.8182 0.164 0.181 0.241
3.2727 0.8223 12.0223 0.164 0.181 0.241
1.0909 0.7849 9.8182 0.164 0.181 0.241
3.2727 0.8223 12.0223 0.164 0.181 0.241
1.0909 0.7543 11.9543 0.164 0.181 0.241
3.2727 0.7950 9.8182 0.151 0.166 0.222
5.4545 0.8297 9.8182 0.151 0.166 0.222
5.4545 0.7870 11.9870 0.151 0.166 0.222
3.2727 0.7950 9.8182 0.151 0.166 0.222
5.4545 0.7870 11.9870 0.151 0.166 0.222
3.2727 0.8223 12.0223 0.151 0.166 0.222
5.4545 0.8297 9.8182 0.156 0.172 0.230
7.6364 0.8073 9.8182 0.156 0.172 0.230
7.6364 0.7825 11.9825 0.156 0.172 0.230
5.4545 0.8297 9.8182 0.156 0.172 0.230
7.6364 0.7825 11.9825 0.156 0.172 0.230
5.4545 0.7870 11.9870 0.156 0.172 0.230
7.6364 0.8073 9.8182 0.155 0.172 0.229
9.8182 0.8911 9.8182 0.155 0.172 0.229
9.8182 0.8162 12.0162 0.155 0.172 0.229
7.6364 0.8073 9.8182 0.155 0.172 0.229
9.8182 0.8162 12.0162 0.155 0.172 0.229
7.6364 0.7825 11.9825 0.155 0.172 0.229
9.8182 0.8911 9.8182 0.151 0.167 0.223
12.0504 0.8504 9.8182 0.151 0.167 0.223
12.0312 0.8312 12.0312 0.151 0.167 0.223
9.8182 0.8911 9.8182 0.151 0.167 0.223
12.0312 0.8312 12.0312 0.151 0.167 0.223
9.8182 0.8162 12.0162 0.151 0.167 0.223
11.9991 -0.7991 -11.9991 0.077 0.085 0.114
9.8182 -0.8412 -12.0412 0.077 0.085 0.114
9.8182 -0.8346 -9.8182 0.077 0.085 0.114
11.9991 -0.7991 -11.9991 0.077 0.085 0.114
9.8182 -0.8346 -9.8182 0.077 0.085 0.114
11.9755 -0.7755 -9.8182 0.077 0.085 0.114
9.8182 -0.8412 -12.0412 0.075 0.083 0.111
7.6364 -0.7870 -11.9870 0.075 0.083 0.111
7.6364 -0.8552 -9.8182 0.075 0.083 0.111
9.8182 -0.8412 -12.0412 0.075 0.083 0.111
7.6364 -0.8552 -9.8182 0.075 0.083 0.111
9.8182 -0.8346 -9.8182 0.075 0.083 0.111
7.6364 -0.7870 -11.9870 0.078 0.086 0.115
5.4545 -0.7848 -11.9848 0.078 0.086 0.115
5.4545 -0.8236 -9.8182 0.078 0.086 0.115
7.6364 -0.7870 -11.9870 0.078 0.086 0.115
5.4545 -0.8236 -9.8182 0.078 0.086 0.115
7.6364 -0.8552 -9.8182 0.078 0.086 0.115
5.4545 -0.7848 -11.9848 0.078 0.086 0.115
3.2727 -0.8510 -12.0510 0.078 0.086 0.115
3.2727 -0.8239 -9.8182 0.078 0.086 0.115
5.4545 -0.7848 -11.9848 0.078 0.086 0.115
3.2727 -0.8239 -9.8182 0.078 0.086 0.115
5.4545 -0.8236 -9.8182 0.078 0.086 0.115
3.2727 -0.8510 -12.0510 0.078 0.087 0.115
1.0909 -0.7588 -11.9588 0.078 0.087 0.115
1.0909 -0.7755 -9.8182 0.078 0.087 0.115
3.2727 -0.8510 -12.0510 0.078 0.087 0.115
1.0909 -0.7755 -9.8182 0.078 0.087 0.115
3.2727 -0.8239 -9.8182 0.078 0.087 0.115
1.0909 -0.7588 -11.9588 0.078 0.087 0.116
-1.0909 -0.8202 -12.0202 0.078 0.087 0.116
-1.0909 -0.7814 -9.8182 0.078 0.087 0.116
1.0909 -0.7588 -11.9588 0.078 0.087 0.116
-1.0909 -0.7814 -9.8182 0.078 0.087 0.116
1.0909 -0.7755 -9.8182 0.078 0.087 0.116
-1.0909 -0.8202 -12.0202 0.075 0.082 0.110
-3.2727 -0.7768 -11.9768 0.075 0.082 0.110
-3.2727 -0.7220 -9.8182 0.075 0.082 0.110
-1.0909 -0.8202 -12.0202 0.075 0.082 0.110
-3.2727 -0.7220 -9.8182 0.075 0.082 0.110
-1.0909 -0.7814 -9.8182 0.075 0.082 0.110
-3.2727 -0.7768 -11.9768 0.077 0.085 0.114
-5.4545 -0.7642 -11.9642 0.077 0.085 0.114
-5.4545 -0.7739 -9.8182 0.077 0.085 0.114
-3.2727 -0.7768 -11.9768 0.077 0.085 0.114
-5.4545 -0.7739 -9.8182 0.077 0.085 0.114
-3.2727 -0.7220 -9.8182 0.077 0.085 0.114
-5.4545 -0.7642 -11.9642 0.077 0.086 0.114
-7.6364 -0.8103 -12.0103 0.077 0.086 0.114
-7.6364 -0.8246 -9.8182 0.077 0.086 0.114
-5.4545 -0.7642 -11.9642 0.077 0.086 0.114
-7.6364 -0.8246 -9.8182 0.077 0.086 0.114
-5.4545 -0.7739 -9.8182 0.077 0.086 0.114
-7.6364 -0.8103 -12.0103 0.078 0.086 0.115
-9.8182 -0.7709 -11.9709 0.078 0.086 0.115
-9.8182 -0.8053 -9.8182 0.078 0.086 0.115
-7.6364 -0.8103 -12.0103 0.078 0.086 0.115
-9.8182 -0.8053 -9.8182 0.078 0.086 0.115
-7.6364 -0.8246 -9.8182 0.078 0.086 0.115
-9.8182 -0.7709 -11.9709 0.075 0.082 0.110
-12.0125 -0.8125 -12.0125 0.075 0.082 0.110
-11.9770 -0.7770 -9.8182 0.075 0.082 0.110
-9.8182 -0.7709 -11.9709 0.075 0.082 0.110
-11.9770 -0.7770 -9.8182 0.075 0.082 0.110
-9.8182 -0.8053 -9.8182 0.075 0.082 0.110
11.9755 -0.7755 -9.8182 0.078 0.086 0.114
9.8182 -0.8346 -9.8182 0.078 0.086 0.114
9.8182 -0.7503 -7.6364 0.078 0.086 0.114
11.9755 -0.7755 -9.8182 0.078 0.086 0.114
9.8182 -0.7503 -7.6364 0.078 0.086 0.114
12.0037 -0.8037 -7.6364 0.078 0.086 0.114
9.8182 -0.8346 -9.8182 0.078 0.087 0.116
7.6364 -0.8552 -9.8182 0.078 0.087 0.116
7.6364 -0.7795 -7.6364 0.078 0.087 0.116
9.8182 -0.8346 -9.8182 0.078 0.087 0.116
7.6364 -0.7795 -7.6364 0.078 0.087 0.116
9.8182 -0.7503 -7.6364 0.078 0.087 0.116
7.6364 -0.8552 -9.8182 0.078 0.086 0.115
5.4545 -0.8236 -9.8182 0.078 0.086 0.115
5.4545 -0.7795 -7.6364 0.078 0.086 0.115
7.6364 -0.8552 -9.8182 0.078 0.086 0.115
5.4545 -0.7795 -7.6364 0.078 0.086 0.115
7.6364 -0.7795 -7.6364 0.078 0.086 0.115
5.4545 -0.8236 -9.8182 0.074 0.082 0.109
3.2727 -0.8239 -9.8182 0.074 0.082 0.109
3.2727 -0.8353 -7.6364 0.074 0.082 0.109
5.4545 -0.8236 -9.8182 0.074 0.082 0.109
3.2727 -0.8353 -7.6364 0.074 0.082 0.109
5.4545 -0.7795 -7.6364 0.074 0.082 0.109
3.2727 -0.8239 -9.8182 0.076 0.084 0.112
1.0909 -0.7755 -9.8182 0.076 0.084 0.112
1.0909 -0.7896 -7.6364 0.076 0.084 0.112
3.2727 -0.8239 -9.8182 0.076 0.084 0.112
1.0909 -0.7896 -7.6364 0.076 0.084 0.112
3.2727 -0.8353 -7.6364 0.076 0.084 0.112
1.0909 -0.7755 -9.8182 0.074 0.081 0.109
-1.0909 -0.7814 -9.8182 0.074 0.081 0.109
-1.0909 -0.8095 -7.6364 0.074 0.081 0.109
1.0909 -0.7755 -9.8182 0.074 0.081 0.109
-1.0909 -0.8095 -7.6364 0.074 0.081 0.109
1.0909 -0.7896 -7.6364 0.074 0.081 0.109
-1.0909 -0.7814 -9.8182 0.075 0.083 0.110
-3.2727 -0.7220 -9.8182 0.075 0.083 0.110
-3.2727 -0.7368 -7.6364 0.075 0.083 0.110
-1.0909 -0.7814 -9.8182 0.075 0.083 0.110
-3.2727 -0.7368 -7.6364 0.075 0.083 0.110
-1.0909 -0.8095 -7.6364 0.075 0.083 0.110
-3.2727 -0.7220 -9.8182 0.078 0.087 0.115
-5.4545 -0.7739 -9.8182 0.078 0.087 0.115
-5.4545 -0.7420 -7.6364 0.078 0.087 0.115
-3.2727 -0.7220 -9.8182 0.078 0.087 0.115
-5.4545 -0.7420 -7.6364 0.078 0.087 0.115
-3.2727 -0.7368 -7.6364 0.078 0.087 0.115
-5.4545 -0.7739 -9.8182 0.080 0.088 0.117
-7.6364 -0.8246 -9.8182 0.080 0.088 0.117
-7.6364 -0.7780 -7.6364 0.080 0.088 0.117
-5.4545 -0.7739 -9.8182 0.080 0.088 0.117
-7.6364 -0.7780 -7.6364 0.080 0.088 0.117
-5.4545 -0.7420 -7.6364 0.080 0.088 0.117
-7.6364 -0.8246 -9.8182 0.078 0.086 0.115
-9.8182 -0.8053 -9.8182 0.078 0.086 0.115
-9.8182 -0.6909 -7.6364 0.078 0.086 0.115
-7.6364 -0.8246 -9.8182 0.078 0.086 0.115
-9.8182 -0.6909 -7.6364 0.078 0.086 0.115
-7.6364 -0.7780 -7.6364 0.078 0.086 0.115
-9.8182 -0.8053 -9.8182 0.075 0.083 0.110
-11.9770 -0.7770 -9.8182 0.075 0.083 0.110
-11.9697 -0.7697 -7.6364 0.075 0.083 0.110
-9.8182 -0.8053 -9.8182 0.075 0.083 0.110
-11.9697 -0.7697 -7.6364 0.075 0.083 0.110
-9.8182 -0.6909 -7.6364 0.075 0.083 0.110
12.0037 -0.8037 -7.6364 0.075 0.083 0.110
9.8182 -0.7503 -7.6364 0.075 0.083 0.110
9.8182 -0.7475 -5.4545 0.075 0.083 0.110
12.0037 -0.8037 -7.6364 0.075 0.083 0.110
9.8182 -0.7475 -5.4545 0.075 0.083 0.110
12.0524 -0.8524 -5.4545 0.075 0.083 0.110
9.8182 -0.7503 -7.6364 0.074 0.081 0.108
7.6364 -0.7795 -7.6364 0.074 0.081 0.108
7.6364 -0.7845 -5.4545 0.074 0.081 0.108
9.8182 -0.7503 -7.6364 0.074 0.081 0.108
7.6364 -0.7845 -5.4545 0.074 0.081 0.108
9.8182 -0.7475 -5.4545 0.074 0.081 0.108
7.6364 -0.7795 -7.6364 0.079 0.087 0.116
5.4545 -0.7795 -7.6364 0.079 0.087 0.116
5.4545 -0.7916 -5.4545 0.079 0.087 0.116
7.6364 -0.7795 -7.6364 0.079 0.087 0.116
5.4545 -0.7916 -5.4545 0.079 0.087 0.116
7.6364 -0.7845 -5.4545 0.079 0.087 0.116
5.4545 -0.7795 -7.6364 0.074 0.082 0.110
3.2727 -0.8353 -7.6364 0.074 0.082 0.110
3.2727 -0.8650 -5.4545 0.074 0.082 0.110
5.4545 -0.7795 -7.6364 0.074 0.082 0.110
3.2727 -0.8650 -5.4545 0.074 0.082 0.110
5.4545 -0.7916 -5.4545 0.074 0.082 0.110
3.2727 -0.8353 -7.6364 0.077 0.085 0.113
1.0909 -0.7896 -7.6364 0.077 0.085 0.113
1.0909 -0.7973 -5.4545 0.077 0.085 0.113
3.2727 -0.8353 -7.6364 0.077 0.085 0.113
1.0909 -0.7973 -5.4545 0.077 0.085 0.113
3.2727 -0.8650 -5.4545 0.077 0.085 0.113
1.0909 -0.7896 -7.6364 0.076 0.084 0.113
-1.0909 -0.8095 -7.6364 0.076 0.084 0.113
-1.0909 -0.7370 -5.4545 0.076 0.084 0.113
1.0909 -0.7896 -7.6364 0.076 0.084 0.113
-1.0909 -0.7370 -5.4545 0.076 0.084 0.113
1.0909 -0.7973 -5.4545 0.076 0.084 0.113
-1.0909 -0.8095 -7.6364 0.074 0.082 0.110
-3.2727 -0.7368 -7.6364 0.074 0.082 0.110
-3.2727 -0.7774 -5.4545 0.074 0.082 0.110
-1.0909 -0.8095 -7.6364 0.074 0.082 0.110
-3.2727 -0.7774 -5.4545 0.074 0.082 0.110
-1.0909 -0.7370 -5.4545 0.074 0.082 0.110
-3.2727 -0.7368 -7.6364 0.074 0.081 0.109
-5.4545 -0.7420 -7.6364 0.074 0.081 0.109
-5.4545 -0.7798 -5.4545 0.074 0.081 0.109
-3.2727 -0.7368 -7.6364 0.074 0.081 0.109
-5.4545 -0.7798 -5.4545 0.074 0.081 0.109
-3.2727 -0.7774 -5.4545 0.074 0.081 0.109
-5.4545 -0.7420 -7.6364 0.078 0.087 0.116
-7.6364 -0.7780 -7.6364 0.078 0.087 0.116
-7.6364 -0.8218 -5.4545 0.078 0.087 0.116
-5.4545 -0.7420 -7.6364 0.078 0.087 0.116
-7.6364 -0.8218 -5.4545 0.078 0.087 0.116
-5.4545 -0.7798 -5.4545 0.078 0.087 0.116
-7.6364 -0.7780 -7.6364 0.075 0.083 0.111
-9.8182 -0.6909 -7.6364 0.075 0.083 0.111
-9.8182 -0.6830 -5.4545 0.075 0.083 0.111
-7.6364 -0.7780 -7.6364 0.075 0.083 0.111
-9.8182 -0.6830 -5.4545 0.075 0.083 0.111
-7.6364 -0.8218 -5.4545 0.075 0.083 0.111
-9.8182 -0.6909 -7.6364 0.074 0.082 0.109
-11.9697 -0.7697 -7.6364 0.074 0.082 0.109
-11.9801 -0.7801 -5.4545 0.074 0.082 0.109
-9.8182 -0.6909 -7.6364 0.074 0.082 0.109
-11.9801 -0.7801 -5.4545 0.074 0.082 0.109
-9.8182 -0.6830 -5.4545 0.074 0.082 0.109
12.0524 -0.8524 -5.4545 0.075 0.083 0.111
9.8182 -0.7475 -5.4545 0.075 0.083 0.111
9.8182 -0.6879 -3.2727 0.075 0.083 0.111
12.0524 -0.8524 -5.4545 0.075 0.083 0.111
9.8182 -0.6879 -3.2727 0.075 0.083 0.111
12.0436 -0.8436 -3.2727 0.075 0.083 0.111
9.8182 -0.7475 -5.4545 0.078 0.086 0.115
7.6364 -0.7845 -5.4545 0.078 0.086 0.115
7.6364 -0.7933 -3.2727 0.078 0.086 0.115
9.8182 -0.7475 -5.4545 0.078 0.086 0.115
7.6364 -0.7933 -3.2727 0.078 0.086 0.115
9.8182 -0.6879 -3.2727 0.078 0.086 0.115
7.6364 -0.7845 -5.4545 0.076 0.083 0.111
5.4545 -0.7916 -5.4545 0.076 0.083 0.111
5.4545 -0.7952 -3.2727 0.076 0.083 0.111
7.6364 -0.7845 -5.4545 0.076 0.083 0.111
5.4545 -0.7952 -3.2727 0.076 0.083 0.111
7.6364 -0.7933 -3.2727 0.076 0.083 0.111
5.4545 -0.7916 -5.4545 0.079 0.087 0.116
3.2727 -0.8650 -5.4545 0.079 0.087 0.116
3.2727 -0.7764 -3.2727 0.079 0.087 0.116
5.4545 -0.7916 -5.4545 0.079 0.087 0.116
3.2727 -0.7764 -3.2727 0.079 0.087 0.116
5.4545 -0.7952 -3.2727 0.079 0.087 0.116
3.2727 -0.8650 -5.4545 0.079 0.087 0.116
1.0909 -0.7973 -5.4545 0.079 0.087 0.116
1.0909 -0.7981 -3.2727 0.079 0.087 0.116
3.2727 -0.8650 -5.4545 0.079 0.087 0.116
1.0909 -0.7981 -3.2727 0.079 0.087 0.116
3.2727 -0.7764 -3.2727 0.079 0.087 0.116
1.0909 -0.7973 -5.4545 0.078 0.086 0.114
-1.0909 -0.7370 -5.4545 0.078 0.086 0.114
-1.0909 -0.7681 -3.2727 0.078 0.086 0.114
1.0909 -0.7973 -5.4545 0.078 0.086 0.114
-1.0909 -0.7681 -3.2727 0.078 0.086 0.114
1.0909 -0.7981 -3.2727 0.078 0.086 0.114
-1.0909 -0.7370 -5.4545 0.078 0.086 0.115
-3.2727 -0.7774 -5.4545 0.078 0.086 0.115
-3.2727 -0.7823 -3.2727 0.078 0.086 0.115
-1.0909 -0.7370 -5.4545 0.078 0.086 0.115
-3.2727 -0.7823 -3.2727 0.078 0.086 0.115
-1.0909 -0.7681 -3.2727 0.078 0.086 0.115
-3.2727 -0.7774 -5.4545 0.079 0.087 0.116
-5.4545 -0.7798 -5.4545 0.079 0.087 0.116
-5.4545 -0.8509 -3.2727 0.079 0.087 0.116
-3.2727 -0.7774 -5.4545 0.079 0.087 0.116
-5.4545 -0.8509 -3.2727 0.079 0.087 0.116
-3.2727 -0.7823 -3.2727 0.079 0.087 0.116
-5.4545 -0.7798 -5.4545 0.076 0.084 0.112
-7.6364 -0.8218 -5.4545 0.076 0.084 0.112
-7.6364 -0.8744 -3.2727 0.076 0.084 0.112
-5.4545 -0.7798 -5.4545 0.076 0.084 0.112
-7.6364 -0.8744 -3.2727 0.076 0.084 0.112
-5.4545 -0.8509 -3.2727 0.076 0.084 0.112
-7.6364 -0.8218 -5.4545 0.080 0.088 0.117
-9.8182 -0.6830 -5.4545 0.080 0.088 0.117
-9.8182 -0.8200 -3.2727 0.080 0.088 0.117
-7.6364 -0.8218 -5.4545 0.080 0.088 0.117
-9.8182 -0.8200 -3.2727 0.080 0.088 0.117
-7.6364 -0.8744 -3.2727 0.080 0.088 0.117
-9.8182 -0.6830 -5.4545 0.074 0.082 0.110
-11.9801 -0.7801 -5.4545 0.074 0.082 0.110
-11.9909 -0.7909 -3.2727 0.074 0.082 0.110
-9.8182 -0.6830 -5.4545 0.074 0.082 0.110
-11.9909 -0.7909 -3.2727 0.074 0.082 0.110
-9.8182 -0.8200 -3.2727 0.074 0.082 0.110
12.0436 -0.8436 -3.2727 0.075 0.083 0.111
9.8182 -0.6879 -3.2727 0.075 0.083 0.111
9.8182 -0.6782 -1.0909 0.075 0.083 0.111
12.0436 -0.8436 -3.2727 0.075 0.083 0.111
9.8182 -0.6782 -1.0909 0.075 0.083 0.111
11.9534 -0.7534 -1.0909 0.075 0.083 0.111
9.8182 -0.6879 -3.2727 0.078 0.086 0.114
7.6364 -0.7933 -3.2727 0.078 0.086 0.114
7.6364 -0.7903 -1.0909 0.078 0.086 0.114
9.8182 -0.6879 -3.2727 0.078 0.086 0.114
7.6364 -0.7903 -1.0909 0.078 0.086 0.114
9.8182 -0.6782 -1.0909 0.078 0.086 0.114
7.6364 -0.7933 -3.2727 0.074 0.081 0.109
5.4545 -0.7952 -3.2727 0.074 0.081 0.109
5.4545 -0.8642 -1.0909 0.074 0.081 0.109
7.6364 -0.7933 -3.2727 0.074 0.081 0.109
5.4545 -0.8642 -1.0909 0.074 0.081 0.109
7.6364 -0.7903 -1.0909 0.074 0.081 0.109
5.4545 -0.7952 -3.2727 0.075 0.082 0.110
3.2727 -0.7764 -3.2727 0.075 0.082 0.110
3.2727 -0.7786 -1.0909 0.075 0.082 0.110
5.4545 -0.7952 -3.2727 0.075 0.082 0.110
3.2727 -0.7786 -1.0909 0.075 0.082 0.110
5.4545 -0.8642 -1.0909 0.075 0.082 0.110
3.2727 -0.7764 -3.2727 0.076 0.085 0.113
1.0909 -0.7981 -3.2727 0.076 0.085 0.113
1.0909 -0.7417 -1.0909 0.076 0.085 0.113
3.2727 -0.7764 -3.2727 0.076 0.085 0.113
1.0909 -0.7417 -1.0909 0.076 0.085 0.113
3.2727 -0.7786 -1.0909 0.076 0.085 0.113
1.0909 -0.7981 -3.2727 0.075 0.083 0.111
-1.0909 -0.7681 -3.2727 0.075 0.083 0.111
-1.0909 -0.7540 -1.0909 0.075 0.083 0.111
1.0909 -0.7981 -3.2727 0.075 0.083 0.111
-1.0909 -0.7540 -1.0909 0.075 0.083 0.111
1.0909 -0.7417 -1.0909 0.075 0.083 0.111
-1.0909 -0.7681 -3.2727 0.075 0.083 0.110
-3.2727 -0.7823 -3.2727 0.075 0.083 0.110
-3.2727 -0.7791 -1.0909 0.075 0.083 0.110
-1.0909 -0.7681 -3.2727 0.075 0.083 0.110
-3.2727 -0.7791 -1.0909 0.075 0.083 0.110
-1.0909 -0.7540 -1.0909 0.075 0.083 0.110
-3.2727 -0.7823 -3.2727 0.080 0.088 0.117
-5.4545 -0.8509 -3.2727 0.080 0.088 0.117
-5.4545 -0.7816 -1.0909 0.080 0.088 0.117
-3.2727 -0.7823 -3.2727 0.080 0.088 0.117
-5.4545 -0.7816 -1.0909 0.080 0.088 0.117
-3.2727 -0.7791 -1.0909 0.080 0.088 0.117
-5.4545 -0.8509 -3.2727 0.074 0.082 0.110
-7.6364 -0.8744 -3.2727 0.074 0.082 0.110
-7.6364 -0.8121 -1.0909 0.074 0.082 0.110
-5.4545 -0.8509 -3.2727 0.074 0.082 0.110
-7.6364 -0.8121 -1.0909 0.074 0.082 0.110
-5.4545 -0.7816 -1.0909 0.074 0.082 0.110
-7.6364 -0.8744 -3.2727 0.076 0.085 0.113
-9.8182 -0.8200 -3.2727 0.076 0.085 0.113
-9.8182 -0.7508 -1.0909 0.076 0.085 0.113
-7.6364 -0.8744 -3.2727 0.076 0.085 0.113
-9.8182 -0.7508 -1.0909 0.076 0.085 0.113
-7.6364 -0.8121 -1.0909 0.076 0.085 0.113
-9.8182 -0.8200 -3.2727 0.074 0.082 0.109
-11.9909 -0.7909 -3.2727 0.074 0.082 0.109
-12.0050 -0.8050 -1.0909 0.074 0.082 0.109
-9.8182 -0.8200 -3.2727 0.074 0.082 0.109
-12.0050 -0.8050 -1.0909 0.074 0.082 0.109
-9.8182 -0.7508 -1.0909 0.074 0.082 0.109
11.9534 -0.7534 -1.0909 0.077 0.085 0.114
9.8182 -0.6782 -1.0909 0.077 0.085 0.114
9.8182 -0.7453 1.0909 0.077 0.085 0.114
11.9534 -0.7534 -1.0909 0.077 0.085 0.114
9.8182 -0.7453 1.0909 0.077 0.085 0.114
11.9589 -0.7589 1.0909 0.077 0.085 0.114
9.8182 -0.6782 -1.0909 0.075 0.083 0.110
7.6364 -0.7903 -1.0909 0.075 0.083 0.110
7.6364 -0.7718 1.0909 0.075 0.083 0.110
9.8182 -0.6782 -1.0909 0.075 0.083 0.110
7.6364 -0.7718 1.0909 0.075 0.083 0.110
9.8182 -0.7453 1.0909 0.075 0.083 0.110
7.6364 -0.7903 -1.0909 0.076 0.084 0.112
5.4545 -0.8642 -1.0909 0.076 0.084 0.112
5.4545 -0.8353 1.0909 0.076 0.084 0.112
7.6364 -0.7903 -1.0909 0.076 0.084 0.112
5.4545 -0.8353 1.0909 0.076 0.084 0.112
7.6364 -0.7718 1.0909 0.076 0.084 0.112
5.4545 -0.8642 -1.0909 0.077 0.085 0.113
3.2727 -0.7786 -1.0909 0.077 0.085 0.113
3.2727 -0.7985 1.0909 0.077 0.085 0.113
5.4545 -0.8642 -1.0909 0.077 0.085 0.113
3.2727 -0.7985 1.0909 0.077 0.085 0.113
5.4545 -0.8353 1.0909 0.077 0.085 0.113
3.2727 -0.7786 -1.0909 0.077 0.085 0.114
1.0909 -0.7417 -1.0909 0.077 0.085 0.114
1.0909 -0.7393 1.0909 0.077 0.085 0.114
3.2727 -0.7786 -1.0909 0.077 0.085 0.114
1.0909 -0.7393 1.0909 0.077 0.085 0.114
3.2727 -0.7985 1.0909 0.077 0.085 0.114
1.0909 -0.7417 -1.0909 0.077 0.085 0.113
-1.0909 -0.7540 -1.0909 0.077 0.085 0.113
-1.0909 -0.8028 1.0909 0.077 0.085 0.113
1.0909 -0.7417 -1.0909 0.077 0.085 0.113
-1.0909 -0.8028 1.0909 0.077 0.085 0.113
1.0909 -0.7393 1.0909 0.077 0.085 0.113
-1.0909 -0.7540 -1.0909 0.080 0.088 0.117
-3.2727 -0.7791 -1.0909 0.080 0.088 0.117
-3.2727 -0.7765 1.0909 0.080 0.088 0.117
-1.0909 -0.7540 -1.0909 0.080 0.088 0.117
-3.2727 -0.7765 1.0909 0.080 0.088 0.117
-1.0909 -0.8028 1.0909 0.080 0.088 0.117
-3.2727 -0.7791 -1.0909 0.078 0.086 0.115
-5.4545 -0.7816 -1.0909 0.078 0.086 0.115
-5.4545 -0.7805 1.0909 0.078 0.086 0.115
-3.2727 -0.7791 -1.0909 0.078 0.086 0.115
-5.4545 -0.7805 1.0909 0.078 0.086 0.115
-3.2727 -0.7765 1.0909 0.078 0.086 0.115
-5.4545 -0.7816 -1.0909 0.074 0.082 0.109
-7.6364 -0.8121 -1.0909 0.074 0.082 0.109
-7.6364 -0.7413 1.0909 0.074 0.082 0.109
-5.4545 -0.7816 -1.0909 0.074 0.082 0.109
-7.6364 -0.7413 1.0909 0.074 0.082 0.109
-5.4545 -0.7805 1.0909 0.074 0.082 0.109
-7.6364 -0.8121 -1.0909 0.076 0.084 0.112
-9.8182 -0.7508 -1.0909 0.076 0.084 0.112
-9.8182 -0.7111 1.0909 0.076 0.084 0.112
-7.6364 -0.8121 -1.0909 0.076 0.084 0.112
-9.8182 -0.7111 1.0909 0.076 0.084 0.112
-7.6364 -0.7413 1.0909 0.076 0.084 0.112
-9.8182 -0.7508 -1.0909 0.076 0.084 0.112
-12.0050 -0.8050 -1.0909 0.076 0.084 0.112
-11.9635 -0.7635 1.0909 0.076 0.084 0.112
-9.8182 -0.7508 -1.0909 0.076 0.084 0.112
-11.9635 -0.7635 1.0909 0.076 0.084 0.112
-9.8182 -0.7111 1.0909 0.076 0.084 0.112
11.9589 -0.7589 1.0909 0.078 0.086 0.115
9.8182 -0.7453 1.0909 0.078 0.086 0.115
9.8182 -0.7030 3.2727 0.078 0.086 0.115
11.9589 -0.7589 1.0909 0.078 0.086 0.115
9.8182 -0.7030 3.2727 0.078 0.086 0.115
11.9663 -0.7663 3.2727 0.078 0.086 0.115
9.8182 -0.7453 1.0909 0.074 0.082 0.109
7.6364 -0.7718 1.0909 0.074 0.082 0.109
7.6364 -0.7406 3.2727 0.074 0.082 0.109
9.8182 -0.7453 1.0909 0.074 0.082 0.109
7.6364 -0.7406 3.2727 0.074 0.082 0.109
9.8182 -0.7030 3.2727 0.074 0.082 0.109
7.6364 -0.7718 1.0909 0.075 0.083 0.111
5.4545 -0.8353 1.0909 0.075 0.083 0.111
5.4545 -0.7711 3.2727 0.075 0.083 0.111
7.6364 -0.7718 1.0909 0.075 0.083 0.111
5.4545 -0.7711 3.2727 0.075 0.083 0.111
7.6364 -0.7406 3.2727 0.075 0.083 0.111
5.4545 -0.8353 1.0909 0.074 0.082 0.109
3.2727 -0.7985 1.0909 0.074 0.082 0.109
3.2727 -0.7635 3.2727 0.074 0.082 0.109
5.4545 -0.8353 1.0909 0.074 0.082 0.109
3.2727 -0.7635 3.2727 0.074 0.082 0.109
5.4545 -0.7711 3.2727 0.074 0.082 0.109
3.2727 -0.7985 1.0909 0.074 0.081 0.108
1.0909 -0.7393 1.0909 0.074 0.081 0.108
1.0909 -0.7915 3.2727 0.074 0.081 0.108
3.2727 -0.7985 1.0909 0.074 0.081 0.108
1.0909 -0.7915 3.2727 0.074 0.081 0.108
3.2727 -0.7635 3.2727 0.074 0.081 0.108
1.0909 -0.7393 1.0909 0.075 0.082 0.110
-1.0909 -0.8028 1.0909 0.075 0.082 0.110
-1.0909 -0.8335 3.2727 0.075 0.082 0.110
1.0909 -0.7393 1.0909 0.075 0.082 0.110
-1.0909 -0.8335 3.2727 0.075 0.082 0.110
1.0909 -0.7915 3.2727 0.075 0.082 0.110
-1.0909 -0.8028 1.0909 0.079 0.087 0.117
-3.2727 -0.7765 1.0909 0.079 0.087 0.117
-3.2727 -0.8218 3.2727 0.079 0.087 0.117
-1.0909 -0.8028 1.0909 0.079 0.087 0.117
-3.2727 -0.8218 3.2727 0.079 0.087 0.117
-1.0909 -0.8335 3.2727 0.079 0.087 0.117
-3.2727 -0.7765 1.0909 0.078 0.086 0.115
-5.4545 -0.7805 1.0909 0.078 0.086 0.115
-5.4545 -0.8683 3.2727 0.078 0.086 0.115
-3.2727 -0.7765 1.0909 0.078 0.086 0.115
-5.4545 -0.8683 3.2727 0.078 0.086 0.115
-3.2727 -0.8218 3.2727 0.078 0.086 0.115
-5.4545 -0.7805 1.0909 0.078 0.086 0.115
-7.6364 -0.7413 1.0909 0.078 0.086 0.115
-7.6364 -0.7993 3.2727 0.078 0.086 0.115
-5.4545 -0.7805 1.0909 0.078 0.086 0.115
-7.6364 -0.7993 3.2727 0.078 0.086 0.115
-5.4545 -0.8683 3.2727 0.078 0.086 0.115
-7.6364 -0.7413 1.0909 0.076 0.084 0.112
-9.8182 -0.7111 1.0909 0.076 0.084 0.112
-9.8182 -0.7338 3.2727 0.076 0.084 0.112
-7.6364 -0.7413 1.0909 0.076 0.084 0.112
-9.8182 -0.7338 3.2727 0.076 0.084 0.112
-7.6364 -0.7993 3.2727 0.076 0.084 0.112
-9.8182 -0.7111 1.0909 0.074 0.082 0.109
-11.9635 -0.7635 1.0909 0.074 0.082 0.109
-12.0027 -0.8027 3.2727 0.074 0.082 0.109
-9.8182 -0.7111 1.0909 0.074 0.082 0.109
-12.0027 -0.8027 3.2727 0.074 0.082 0.109
-9.8182 -0.7338 3.2727 0.074 0.082 0.109
11.9663 -0.7663 3.2727 0.078 0.087 0.116
9.8182 -0.7030 3.2727 0.078 0.087 0.116
9.8182 -0.7677 5.4545 0.078 0.087 0.116
11.9663 -0.7663 3.2727 0.078 0.087 0.116
9.8182 -0.7677 5.4545 0.078 0.087 0.116
12.0161 -0.8161 5.4545 0.078 0.087 0.116
9.8182 -0.7030 3.2727 0.074 0.082 0.109
7.6364 -0.7406 3.2727 0.074 0.082 0.109
7.6364 -0.7567 5.4545 0.074 0.082 0.109
9.8182 -0.7030 3.2727 0.074 0.082 0.109
7.6364 -0.7567 5.4545 0.074 0.082 0.109
9.8182 -0.7677 5.4545 0.074 0.082 0.109
7.6364 -0.7406 3.2727 0.075 0.083 0.111
5.4545 -0.7711 3.2727 0.075 0.083 0.111
5.4545 -0.7217 5.4545 0.075 0.083 0.111
7.6364 -0.7406 3.2727 0.075 0.083 0.111
5.4545 -0.7217 5.4545 0.075 0.083 0.111
7.6364 -0.7567 5.4545 0.075 0.083 0.111
5.4545 -0.7711 3.2727 0.074 0.082 0.109
3.2727 -0.7635 3.2727 0.074 0.082 0.109
3.2727 -0.7822 5.4545 0.074 0.082 0.109
5.4545 -0.7711 3.2727 0.074 0.082 0.109
3.2727 -0.7822 5.4545 0.074 0.082 0.109
5.4545 -0.7217 5.4545 0.074 0.082 0.109
3.2727 -0.7635 3.2727 0.080 0.088 0.117
1.0909 -0.7915 3.2727 0.080 0.088 0.117
1.0909 -0.8567 5.4545 0.080 0.088 0.117
3.2727 -0.7635 3.2727 0.080 0.088 0.117
1.0909 -0.8567 5.4545 0.080 0.088 0.117
3.2727 -0.7822 5.4545 0.080 0.088 0.117
1.0909 -0.7915 3.2727 0.077 0.085 0.114
-1.0909 -0.8335 3.2727 0.077 0.085 0.114
-1.0909 -0.8572 5.4545 0.077 0.085 0.114
1.0909 -0.7915 3.2727 0.077 0.085 0.114
-1.0909 -0.8572 5.4545 0.077 0.085 0.114
1.0909 -0.8567 5.4545 0.077 0.085 0.114
-1.0909 -0.8335 3.2727 0.076 0.084 0.112
-3.2727 -0.8218 3.2727 0.076 0.084 0.112
-3.2727 -0.7962 5.4545 0.076 0.084 0.112
-1.0909 -0.8335 3.2727 0.076 0.084 0.112
-3.2727 -0.7962 5.4545 0.076 0.084 0.112
-1.0909 -0.8572 5.4545 0.076 0.084 0.112
-3.2727 -0.8218 3.2727 0.074 0.082 0.109
-5.4545 -0.8683 3.2727 0.074 0.082 0.109
-5.4545 -0.8909 5.4545 0.074 0.082 0.109
-3.2727 -0.8218 3.2727 0.074 0.082 0.109
-5.4545 -0.8909 5.4545 0.074 0.082 0.109
-3.2727 -0.7962 5.4545 0.074 0.082 0.109
-5.4545 -0.8683 3.2727 0.080 0.088 0.117
-7.6364 -0.7993 3.2727 0.080 0.088 0.117
-7.6364 -0.8126 5.4545 0.080 0.088 0.117
-5.4545 -0.8683 3.2727 0.080 0.088 0.117
-7.6364 -0.8126 5.4545 0.080 0.088 0.117
-5.4545 -0.8909 5.4545 0.080 0.088 0.117
-7.6364 -0.7993 3.2727 0.076 0.084 0.112
-9.8182 -0.7338 3.2727 0.076 0.084 0.112
-9.8182 -0.7404 5.4545 0.076 0.084 0.112
-7.6364 -0.7993 3.2727 0.076 0.084 0.112
-9.8182 -0.7404 5.4545 0.076 0.084 0.112
-7.6364 -0.8126 5.4545 0.076 0.084 0.112
-9.8182 -0.7338 3.2727 0.078 0.087 0.115
-12.0027 -0.8027 3.2727 0.078 0.087 0.115
-11.9959 -0.7959 5.4545 0.078 0.087 0.115
-9.8182 -0.7338 3.2727 0.078 0.087 0.115
-11.9959 -0.7959 5.4545 0.078 0.087 0.115
-9.8182 -0.7404 5.4545 0.078 0.087 0.115
12.0161 -0.8161 5.4545 0.079 0.087 0.116
9.8182 -0.7677 5.4545 0.079 0.087 0.116
9.8182 -0.9109 7.6364 0.079 0.087 0.116
12.0161 -0.8161 5.4545 0.079 0.087 0.116
9.8182 -0.9109 7.6364 0.079 0.087 0.116
12.0684 -0.8684 7.6364 0.079 0.087 0.116
9.8182 -0.7677 5.4545 0.075 0.083 0.111
7.6364 -0.7567 5.4545 0.075 0.083 0.111
7.6364 -0.8114 7.6364 0.075 0.083 0.111
9.8182 -0.7677 5.4545 0.075 0.083 0.111
7.6364 -0.8114 7.6364 0.075 0.083 0.111
9.8182 -0.9109 7.6364 0.075 0.083 0.111
7.6364 -0.7567 5.4545 0.079 0.088 0.117
5.4545 -0.7217 5.4545 0.079 0.088 0.117
5.4545 -0.8059 7.6364 0.079 0.088 0.117
7.6364 -0.7567 5.4545 0.079 0.088 0.117
5.4545 -0.8059 7.6364 0.079 0.088 0.117
7.6364 -0.8114 7.6364 0.079 0.088 0.117
5.4545 -0.7217 5.4545 0.076 0.084 0.113
3.2727 -0.7822 5.4545 0.076 0.084 0.113
3.2727 -0.8056 7.6364 0.076 0.084 0.113
5.4545 -0.7217 5.4545 0.076 0.084 0.113
3.2727 -0.8056 7.6364 0.076 0.084 0.113
5.4545 -0.8059 7.6364 0.076 0.084 0.113
3.2727 -0.7822 5.4545 0.074 0.081 0.108
1.0909 -0.8567 5.4545 0.074 0.081 0.108
1.0909 -0.8475 7.6364 0.074 0.081 0.108
3.2727 -0.7822 5.4545 0.074 0.081 0.108
1.0909 -0.8475 7.6364 0.074 0.081 0.108
3.2727 -0.8056 7.6364 0.074 0.081 0.108
1.0909 -0.8567 5.4545 0.076 0.084 0.112
-1.0909 -0.8572 5.4545 0.076 0.084 0.112
-1.0909 -0.8378 7.6364 0.076 0.084 0.112
1.0909 -0.8567 5.4545 0.076 0.084 0.112
-1.0909 -0.8378 7.6364 0.076 0.084 0.112
1.0909 -0.8475 7.6364 0.076 0.084 0.112
-1.0909 -0.8572 5.4545 0.075 0.083 0.111
-3.2727 -0.7962 5.4545 0.075 0.083 0.111
-3.2727 -0.8014 7.6364 0.075 0.083 0.111
-1.0909 -0.8572 5.4545 0.075 0.083 0.111
-3.2727 -0.8014 7.6364 0.075 0.083 0.111
-1.0909 -0.8378 7.6364 0.075 0.083 0.111
-3.2727 -0.7962 5.4545 0.076 0.084 0.112
-5.4545 -0.8909 5.4545 0.076 0.084 0.112
-5.4545 -0.8265 7.6364 0.076 0.084 0.112
-3.2727 -0.7962 5.4545 0.076 0.084 0.112
-5.4545 -0.8265 7.6364 0.076 0.084 0.112
-3.2727 -0.8014 7.6364 0.076 0.084 0.112
-5.4545 -0.8909 5.4545 0.075 0.083 0.111
-7.6364 -0.8126 5.4545 0.075 0.083 0.111
-7.6364 -0.8752 7.6364 0.075 0.083 0.111
-5.4545 -0.8909 5.4545 0.075 0.083 0.111
-7.6364 -0.8752 7.6364 0.075 0.083 0.111
-5.4545 -0.8265 7.6364 0.075 0.083 0.111
-7.6364 -0.8126 5.4545 0.075 0.083 0.111
-9.8182 -0.7404 5.4545 0.075 0.083 0.111
-9.8182 -0.8219 7.6364 0.075 0.083 0.111
-7.6364 -0.8126 5.4545 0.075 0.083 0.111
-9.8182 -0.8219 7.6364 0.075 0.083 0.111
-7.6364 -0.8752 7.6364 0.075 0.083 0.111
-9.8182 -0.7404 5.4545 0.078 0.086 0.115
-11.9959 -0.7959 5.4545 0.078 0.086 0.115
-11.9847 -0.7847 7.6364 0.078 0.086 0.115
-9.8182 -0.7404 5.4545 0.078 0.086 0.115
-11.9847 -0.7847 7.6364 0.078 0.086 0.115
-9.8182 -0.8219 7.6364 0.078 0.086 0.115
12.0684 -0.8684 7.6364 0.075 0.083 0.110
9.8182 -0.9109 7.6364 0.075 0.083 0.110
9.8182 -0.9193 9.8182 0.075 0.083 0.110
12.0684 -0.8684 7.6364 0.075 0.083 0.110
9.8182 -0.9193 9.8182 0.075 0.083 0.110
12.0651 -0.8651 9.8182 0.075 0.083 0.110
9.8182 -0.9109 7.6364 0.073 0.081 0.108
7.6364 -0.8114 7.6364 0.073 0.081 0.108
7.6364 -0.8011 9.8182 0.073 0.081 0.108
9.8182 -0.9109 7.6364 0.073 0.081 0.108
7.6364 -0.8011 9.8182 0.073 0.081 0.108
9.8182 -0.9193 9.8182 0.073 0.081 0.108
7.6364 -0.8114 7.6364 0.079 0.087 0.116
5.4545 -0.8059 7.6364 0.079 0.087 0.116
5.4545 -0.8651 9.8182 0.079 0.087 0.116
7.6364 -0.8114 7.6364 0.079 0.087 0.116
5.4545 -0.8651 9.8182 0.079 0.087 0.116
7.6364 -0.8011 9.8182 0.079 0.087 0.116
5.4545 -0.8059 7.6364 0.079 0.087 0.116
3.2727 -0.8056 7.6364 0.079 0.087 0.116
3.2727 -0.8084 9.8182 0.079 0.087 0.116
5.4545 -0.8059 7.6364 0.079 0.087 0.116
3.2727 -0.8084 9.8182 0.079 0.087 0.116
5.4545 -0.8651 9.8182 0.079 0.087 0.116
3.2727 -0.8056 7.6364 0.080 0.088 0.117
1.0909 -0.8475 7.6364 0.080 0.088 0.117
1.0909 -0.7481 9.8182 0.080 0.088 0.117
3.2727 -0.8056 7.6364 0.080 0.088 0.117
1.0909 -0.7481 9.8182 0.080 0.088 0.117
3.2727 -0.8084 9.8182 0.080 0.088 0.117
1.0909 -0.8475 7.6364 0.077 0.086 0.114
-1.0909 -0.8378 7.6364 0.077 0.086 0.114
-1.0909 -0.8022 9.8182 0.077 0.086 0.114
1.0909 -0.8475 7.6364 0.077 0.086 0.114
-1.0909 -0.8022 9.8182 0.077 0.086 0.114
1.0909 -0.7481 9.8182 0.077 0.086 0.114
-1.0909 -0.8378 7.6364 0.077 0.085 0.113
-3.2727 -0.8014 7.6364 0.077 0.085 0.113
-3.2727 -0.8087 9.8182 0.077 0.085 0.113
-1.0909 -0.8378 7.6364 0.077 0.085 0.113
-3.2727 -0.8087 9.8182 0.077 0.085 0.113
-1.0909 -0.8022 9.8182 0.077 0.085 0.113
-3.2727 -0.8014 7.6364 0.077 0.085 0.114
-5.4545 -0.8265 7.6364 0.077 0.085 0.114
-5.4545 -0.7340 9.8182 0.077 0.085 0.114
-3.2727 -0.8014 7.6364 0.077 0.085 0.114
-5.4545 -0.7340 9.8182 0.077 0.085 0.114
-3.2727 -0.8087 9.8182 0.077 0.085 0.114
-5.4545 -0.8265 7.6364 0.079 0.087 0.116
-7.6364 -0.8752 7.6364 0.079 0.087 0.116
-7.6364 -0.8090 9.8182 0.079 0.087 0.116
-5.4545 -0.8265 7.6364 0.079 0.087 0.116
-7.6364 -0.8090 9.8182 0.079 0.087 0.116
-5.4545 -0.7340 9.8182 0.079 0.087 0.116
-7.6364 -0.8752 7.6364 0.076 0.084 0.111
-9.8182 -0.8219 7.6364 0.076 0.084 0.111
-9.8182 -0.8656 9.8182 0.076 0.084 0.111
-7.6364 -0.8752 7.6364 0.076 0.084 0.111
-9.8182 -0.8656 9.8182 0.076 0.084 0.111
-7.6364 -0.8090 9.8182 0.076 0.084 0.111
-9.8182 -0.8219 7.6364 0.075 0.083 0.110
-11.9847 -0.7847 7.6364 0.075 0.083 0.110
-12.0015 -0.8015 9.8182 0.075 0.083 0.110
-9.8182 -0.8219 7.6364 0.075 0.083 0.110
-12.0015 -0.8015 9.8182 0.075 0.083 0.110
-9.8182 -0.8656 9.8182 0.075 0.083 0.110
12.0651 -0.8651 9.8182 0.079 0.087 0.116
9.8182 -0.9193 9.8182 0.079 0.087 0.116
9.8182 -0.8420 12.0420 0.079 0.087 0.116
12.0651 -0.8651 9.8182 0.079 0.087 0.116
9.8182 -0.8420 12.0420 0.079 0.087 0.116
11.9787 -0.7787 11.9787 0.079 0.087 0.116
9.8182 -0.9193 9.8182 0.074 0.082 0.109
7.6364 -0.8011 9.8182 0.074 0.082 0.109
7.6364 -0.7938 11.9938 0.074 0.082 0.109
9.8182 -0.9193 9.8182 0.074 0.082 0.109
7.6364 -0.7938 11.9938 0.074 0.082 0.109
9.8182 -0.8420 12.0420 0.074 0.082 0.109
7.6364 -0.8011 9.8182 0.078 0.086 0.114
5.4545 -0.8651 9.8182 0.078 0.086 0.114
5.4545 -0.7781 11.9781 0.078 0.086 0.114
7.6364 -0.8011 9.8182 0.078 0.086 0.114
5.4545 -0.7781 11.9781 0.078 0.086 0.114
7.6364 -0.7938 11.9938 0.078 0.086 0.114
5.4545 -0.8651 9.8182 0.079 0.087 0.116
3.2727 -0.8084 9.8182 0.079 0.087 0.116
3.2727 -0.7882 11.9882 0.079 0.087 0.116
5.4545 -0.8651 9.8182 0.079 0.087 0.116
3.2727 -0.7882 11.9882 0.079 0.087 0.116
5.4545 -0.7781 11.9781 0.079 0.087 0.116
3.2727 -0.8084 9.8182 0.074 0.082 0.110
1.0909 -0.7481 9.8182 0.074 0.082 0.110
1.0909 -0.7468 11.9468 0.074 0.082 0.110
3.2727 -0.8084 9.8182 0.074 0.082 0.110
1.0909 -0.7468 11.9468 0.074 0.082 0.110
3.2727 -0.7882 11.9882 0.074 0.082 0.110
1.0909 -0.7481 9.8182 0.074 0.082 0.109
-1.0909 -0.8022 9.8182 0.074 0.082 0.109
-1.0909 -0.8388 12.0388 0.074 0.082 0.109
1.0909 -0.7481 9.8182 0.074 0.082 0.109
-1.0909 -0.8388 12.0388 0.074 0.082 0.109
1.0909 -0.7468 11.9468 0.074 0.082 0.109
-1.0909 -0.8022 9.8182 0.077 0.085 0.113
-3.2727 -0.8087 9.8182 0.077 0.085 0.113
-3.2727 -0.8332 12.0332 0.077 0.085 0.113
-1.0909 -0.8022 9.8182 0.077 0.085 0.113
-3.2727 -0.8332 12.0332 0.077 0.085 0.113
-1.0909 -0.8388 12.0388 0.077 0.085 0.113
-3.2727 -0.8087 9.8182 0.076 0.084 0.112
-5.4545 -0.7340 9.8182 0.076 0.084 0.112
-5.4545 -0.7735 11.9735 0.076 0.084 0.112
-3.2727 -0.8087 9.8182 0.076 0.084 0.112
-5.4545 -0.7735 11.9735 0.076 0.084 0.112
-3.2727 -0.8332 12.0332 0.076 0.084 0.112
-5.4545 -0.7340 9.8182 0.078 0.086 0.115
-7.6364 -0.8090 9.8182 0.078 0.086 0.115
-7.6364 -0.7799 11.9799 0.078 0.086 0.115
-5.4545 -0.7340 9.8182 0.078 0.086 0.115
-7.6364 -0.7799 11.9799 0.078 0.086 0.115
-5.4545 -0.7735 11.9735 0.078 0.086 0.115
-7.6364 -0.8090 9.8182 0.080 0.088 0.117
-9.8182 -0.8656 9.8182 0.080 0.088 0.117
-9.8182 -0.8093 12.0093 0.080 0.088 0.117
-7.6364 -0.8090 9.8182 0.080 0.088 0.117
-9.8182 -0.8093 12.0093 0.080 0.088 0.117
-7.6364 -0.7799 11.9799 0.080 0.088 0.117
-9.8182 -0.8656 9.8182 0.076 0.084 0.112
-12.0015 -0.8015 9.8182 0.076 0.084 0.112
-11.9921 -0.7921 11.9921 0.076 0.084 0.112
-9.8182 -0.8656 9.8182 0.076 0.084 0.112
-11.9921 -0.7921 11.9921 0.076 0.084 0.112
-9.8182 -0.8093 12.0093 0.076 0.084 0.112
11.9991 -0.7991 -11.9991 0.076 0.084 0.113
11.9755 -0.7755 -9.8182 0.076 0.084 0.113
11.9836 0.7836 -9.8182 0.076 0.084 0.113
11.9991 -0.7991 -11.9991 0.076 0.084 0.113
11.9836 0.7836 -9.8182 0.076 0.084 0.113
11.9828 0.7828 -11.9828 0.076 0.084 0.113
11.9755 -0.7755 -9.8182 0.074 0.081 0.108
12.0037 -0.8037 -7.6364 0.074 0.081 0.108
11.9698 0.7698 -7.6364 0.074 0.081 0.108
11.9755 -0.7755 -9.8182 0.074 0.081 0.108
11.9698 0.7698 -7.6364 0.074 0.081 0.108
11.9836 0.7836 -9.8182 0.074 0.081 0.108
12.0037 -0.8037 -7.6364 0.079 0.087 0.116
12.0524 -0.8524 -5.4545 0.079 0.087 0.116
11.9295 0.7295 -5.4545 0.079 0.087 0.116
12.0037 -0.8037 -7.6364 0.079 0.087 0.116
11.9295 0.7295 -5.4545 0.079 0.087 0.116
11.9698 0.7698 -7.6364 0.079 0.087 0.116
12.0524 -0.8524 -5.4545 0.076 0.084 0.112
12.0436 -0.8436 -3.2727 0.076 0.084 0.112
11.9847 0.7847 -3.2727 0.076 0.084 0.112
12.0524 -0.8524 -5.4545 0.076 0.084 0.112
11.9847 0.7847 -3.2727 0.076 0.084 0.112
11.9295 0.7295 -5.4545 0.076 0.084 0.112
12.0436 -0.8436 -3.2727 0.079 0.088 0.117
11.9534 -0.7534 -1.0909 0.079 0.088 0.117
11.9844 0.7844 -1.0909 0.079 0.088 0.117
12.0436 -0.8436 -3.2727 0.079 0.088 0.117
11.9844 0.7844 -1.0909 0.079 0.088 0.117
11.9847 0.7847 -3.2727 0.079 0.088 0.117
11.9534 -0.7534 -1.0909 0.080 0.088 0.118
11.9589 -0.7589 1.0909 0.080 0.088 0.118
11.9665 0.7665 1.0909 0.080 0.088 0.118
11.9534 -0.7534 -1.0909 0.080 0.088 0.118
11.9665 0.7665 1.0909 0.080 0.088 0.118
11.9844 0.7844 -1.0909 0.080 0.088 0.118
11.9589 -0.7589 1.0909 0.078 0.087 0.116
11.9663 -0.7663 3.2727 0.078 0.087 0.116
11.9587 0.7587 3.2727 0.078 0.087 0.116
11.9589 -0.7589 1.0909 0.078 0.087 0.116
11.9587 0.7587 3.2727 0.078 0.087 0.116
11.9665 0.7665 1.0909 0.078 0.087 0.116
11.9663 -0.7663 3.2727 0.075 0.083 0.111
12.0161 -0.8161 5.4545 0.075 0.083 0.111
12.0114 0.8114 5.4545 0.075 0.083 0.111
11.9663 -0.7663 3.2727 0.075 0.083 0.111
12.0114 0.8114 5.4545 0.075 0.083 0.111
11.9587 0.7587 3.2727 0.075 0.083 0.111
12.0161 -0.8161 5.4545 0.077 0.085 0.113
12.0684 -0.8684 7.6364 0.077 0.085 0.113
12.0290 0.8290 7.6364 0.077 0.085 0.113
12.0161 -0.8161 5.4545 0.077 0.085 0.113
12.0290 0.8290 7.6364 0.077 0.085 0.113
12.0114 0.8114 5.4545 0.077 0.085 0.113
12.0684 -0.8684 7.6364 0.074 0.081 0.109
12.0651 -0.8651 9.8182 0.074 0.081 0.109
12.0504 0.8504 9.8182 0.074 0.081 0.109
12.0684 -0.8684 7.6364 0.074 0.081 0.109
12.0504 0.8504 9.8182 0.074 0.081 0.109
12.0290 0.8290 7.6364 0.074 0.081 0.109
12.0651 -0.8651 9.8182 0.078 0.086 0.115
11.9787 -0.7787 11.9787 0.078 0.086 0.115
12.0312 0.8312 12.0312 0.078 0.086 0.115
12.0651 -0.8651 9.8182 0.078 0.086 0.115
12.0312 0.8312 12.0312 0.078 0.086 0.115
12.0504 0.8504 9.8182 0.078 0.086 0.115
-11.9921 -0.7921 11.9921 0.116 0.129 0.171
-12.0015 -0.8015 9.8182 0.116 0.129 0.171
-11.9858 0.7858 9.8182 0.116 0.129 0.171
-11.9921 -0.7921 11.9921 0.116 0.129 0.171
-11.9858 0.7858 9.8182 0.116 0.129 0.171
-12.0085 0.8085 12.0085 0.116 0.129 0.171
-12.0015 -0.8015 9.8182 0.125 0.139 0.185
-11.9847 -0.7847 7.6364 0.125 0.139 0.185
-11.9649 0.7649 7.6364 0.125 0.139 0.185
-12.0015 -0.8015 9.8182 0.125 0.139 0.185
-11.9649 0.7649 7.6364 0.125 0.139 0.185
-11.9858 0.7858 9.8182 0.125 0.139 0.185
-11.9847 -0.7847 7.6364 0.118 0.131 0.174
-11.9959 -0.7959 5.4545 0.118 0.131 0.174
-11.9817 0.7817 5.4545 0.118 0.131 0.174
-11.9847 -0.7847 7.6364 0.118 0.131 0.174
-11.9817 0.7817 5.4545 0.118 0.131 0.174
-11.9649 0.7649 7.6364 0.118 0.131 0.174
-11.9959 -0.7959 5.4545 0.117 0.130 0.173
-12.0027 -0.8027 3.2727 0.117 0.130 0.173
-11.9865 0.7865 3.2727 0.117 0.130 0.173
-11.9959 -0.7959 5.4545 0.117 0.130 0.173
-11.9865 0.7865 3.2727 0.117 0.130 0.173
-11.9817 0.7817 5.4545 0.117 0.130 0.173
-12.0027 -0.8027 3.2727 0.124 0.137 0.183
-11.9635 -0.7635 1.0909 0.124 0.137 0.183
-11.9877 0.7877 1.0909 0.124 0.137 0.183
-12.0027 -0.8027 3.2727 0.124 0.137 0.183
-11.9877 0.7877 1.0909 0.124 0.137 0.183
-11.9865 0.7865 3.2727 0.124 0.137 0.183
-11.9635 -0.7635 1.0909 0.120 0.133 0.177
-12.0050 -0.8050 -1.0909 0.120 0.133 0.177
-12.0337 0.8337 -1.0909 0.120 0.133 0.177
-11.9635 -0.7635 1.0909 0.120 0.133 0.177
-12.0337 0.8337 -1.0909 0.120 0.133 0.177
-11.9877 0.7877 1.0909 0.120 0.133 0.177
-12.0050 -0.8050 -1.0909 0.125 0.138 0.184
-11.9909 -0.7909 -3.2727 0.125 0.138 0.184
-11.9994 0.7994 -3.2727 0.125 0.138 0.184
-12.0050 -0.8050 -1.0909 0.125 0.138 0.184
-11.9994 0.7994 -3.2727 0.125 0.138 0.184
-12.0337 0.8337 -1.0909 0.125 0.138 0.184
-11.9909 -0.7909 -3.2727 0.122 0.134 0.179
-11.9801 -0.7801 -5.4545 0.122 0.134 0.179
-11.9879 0.7879 -5.4545 0.122 0.134 0.179
-11.9909 -0.7909 -3.2727 0.122 0.134 0.179
-11.9879 0.7879 -5.4545 0.122 0.134 0.179
-11.9994 0.7994 -3.2727 0.122 0.134 0.179
-11.9801 -0.7801 -5.4545 0.117 0.129 0.172
-11.9697 -0.7697 -7.6364 0.117 0.129 0.172
-11.9857 0.7857 -7.6364 0.117 0.129 0.172
-11.9801 -0.7801 -5.4545 0.117 0.129 0.172
-11.9857 0.7857 -7.6364 0.117 0.129 0.172
-11.9879 0.7879 -5.4545 0.117 0.129 0.172
-11.9697 -0.7697 -7.6364 0.123 0.136 0.182
-11.9770 -0.7770 -9.8182 0.123 0.136 0.182
-11.9629 0.7629 -9.8182 0.123 0.136 0.182
-11.9697 -0.7697 -7.6364 0.123 0.136 0.182
-11.9629 0.7629 -9.8182 0.123 0.136 0.182
-11.9857 0.7857 -7.6364 0.123 0.136 0.182
-11.9770 -0.7770 -9.8182 0.122 0.135 0.180
-12.0125 -0.8125 -12.0125 0.122 0.135 0.180
-11.9725 0.7725 -11.9725 0.122 0.135 0.180
-11.9770 -0.7770 -9.8182 0.122 0.135 0.180
-11.9725 0.7725 -11.9725 0.122 0.135 0.180
-11.9629 0.7629 -9.8182 0.122 0.135 0.180